1000
55511 160483
64343 90479
24119 67860
206539 21448
18455 71921
62681 96411
180983 184803
214187 119970
61124 68220
48938 114883
109713 154600
164603 216012
99081 130007
124032 32395
114987 24211
50470 203445
50417 151834
86422 54914
47717 143081
28573 150643
151718 75394
151132 66426
122981 110834
84734 170473
32170 150380
178661 84045
191358 117763
51969 52684
24156 149515
146641 103096
131159 198221
54002 100116
67655 114234
48332 60111
169648 84408
146984 189621
18313 212569
35410 53192
57546 73972
15396 9908
152904 184031
210876 172565
158798 122697
25813 6506
208028 26994
103764 191287
185690 177401
87758 38045
56446 194903
103769 150423
101979 34706
19053 10303
155229 149031
33991 33713
63605 86337
125782 3071
12858 193066
20148 91277
213431 9044
216270 138158
202417 184481
60296 128152
50042 22720
107872 118396
92087 197943
17510 104514
106827 145858
205572 216903
128598 151655
192487 66014
204882 136856
46992 3829
144141 127550
103711 17061
168926 125144
61581 23684
53523 65381
80819 134688
141424 60430
160869 189756
107528 159978
101707 9008
97624 185395
175482 135853
146489 75679
181310 30682
19337 192267
156846 118553
144939 187147
112646 73374
166790 27327
122958 117795
4986 42369
44184 127957
52465 80150
164886 131543
31677 28499
157747 1991
146450 114897
73085 208313
115886 86841
104124 190162
184569 107437
14712 194216
53206 40618
101743 160526
184928 4035
182566 202832
113013 48623
31777 101244
41523 153927
30583 121082
153419 143683
203315 92247
53430 153646
167615 99006
58236 59751
171574 101353
44654 12214
63875 161714
198373 168687
116097 18439
94845 49663
10477 136518
68456 69544
168924 33235
197179 13502
47842 217146
189794 194368
130378 185100
79587 92488
205528 191445
72307 93967
64749 10371
41491 5946
81866 40608
136875 1400
146305 159148
22701 60835
108952 190551
138264 166614
59605 179073
113664 205633
49871 66583
157230 194927
215687 121668
166523 104319
164064 203801
144123 97542
3623 110361
103863 111654
56188 168470
199672 45148
197409 119282
49620 96396
133994 39325
209002 48306
110024 49874
43148 180582
153997 56178
127544 188359
144582 121095
77252 182546
27415 137352
154407 140227
99249 56673
9049 51
80835 113587
173487 31699
27667 195825
184502 130960
130665 68055
48886 71094
39536 37999
155166 139577
51299 214911
106398 85604
127968 117650
160312 102596
178175 131102
179328 24381
215198 84131
93350 201213
108656 176781
165150 16335
203814 19063
145221 149562
6974 209453
160410 201448
162016 121189
175198 207421
171902 141898
205091 105420
163107 45358
22041 206484
55654 75953
115413 5867
27055 79646
154793 187704
96672 58562
147806 105783
93732 90308
51174 27464
97042 58262
111649 121162
147123 45450
57842 120569
152033 201888
19517 39932
100745 101469
167306 53732
128854 27842
153065 90934
178526 57298
96765 40932
134340 39086
10343 145957
131505 212510
154482 193081
51507 184118
177216 184674
216485 166865
213546 131046
83101 91862
39349 136698
178214 161631
102222 111603
187685 37189
98052 101196
156424 43243
150028 71646
156902 81664
143438 1951
206243 191464
117419 91677
17407 148398
18909 22510
73092 128409
196800 116786
45638 6206
133304 115314
161661 162532
79855 179524
200571 37339
171290 67582
179429 196313
102645 885
55711 177412
124519 185150
201722 88823
173774 141496
17718 8866
60849 33214
101423 49567
86664 27623
129020 15778
126356 128501
56814 1083
118058 18453
150433 70051
210410 121989
67833 53790
201567 34498
167698 57328
90378 145530
140058 212626
12019 141975
246 76601
126253 167216
198068 88486
185738 186860
89564 192384
179567 74468
204872 147704
78626 12465
24501 35813
38706 34319
118888 43716
147599 55032
68280 188166
164963 196615
215411 87865
35081 99472
126112 152343
59832 15539
80041 195634
85976 129987
156141 50335
119577 177844
132029 130740
63770 147811
24691 34956
106841 85599
3413 15289
28510 195375
128119 65610
173713 84438
41497 14424
86522 178271
135429 202628
153027 141405
134319 199334
14560 140969
101563 196081
92122 103654
2820 150134
216648 183693
137402 42234
154632 11922
207637 120147
89648 111020
112831 111922
67454 6641
65482 160680
179445 192991
90086 165410
95229 161991
1456 51068
54812 98628
38750 70152
97235 19483
131729 57504
63310 91034
109105 124170
141736 160317
87899 200954
175754 31752
6670 21436
40293 3407
57171 72434
146191 187054
195281 94845
30003 204435
113844 68960
31436 10671
198330 75672
105908 142490
38945 47010
77604 55542
156157 167170
30364 145264
179349 213048
195839 1358
115616 216217
35838 143404
56035 117693
134738 143931
39703 8377
63744 63872
158000 131819
69388 94461
18459 108462
102825 11602
196132 143110
171257 128438
168611 211810
56812 98418
150131 22364
54271 164139
54377 79896
14671 188442
72646 41680
94907 122443
79436 171847
119936 217022
158859 1056
77692 175002
72061 173608
89696 180277
94998 29721
210608 86105
8203 11702
157229 44723
166400 52102
186535 132361
115568 33851
87533 111200
82048 213341
221 21953
174594 52797
159946 55171
94818 189907
77233 82304
1103 203264
190088 86203
175115 41878
145134 26478
120118 43565
194913 41998
116686 189900
25866 177088
211492 42678
166403 96892
164353 138257
157839 154984
173035 100046
143829 65395
29052 139602
135104 175015
209044 193052
22654 60899
190313 133603
151200 160819
188442 76958
179233 118564
51797 143439
110801 192097
143861 91422
2055 32051
145665 30274
168159 58279
180416 146250
25212 25411
32005 60379
107725 70240
215611 49417
186993 93979
172955 34078
71387 66262
164210 200840
161344 113870
21819 9673
197851 38941
192034 122879
57188 88093
158969 137081
109143 89272
87623 136386
4942 34176
198634 215659
22278 163897
14206 191594
175396 75191
132798 17111
207317 77098
79326 46654
37055 203483
100535 13148
206730 42255
21090 194522
29088 45320
206830 194033
99660 108010
109517 175157
214260 187417
4049 123310
171359 143668
207099 194203
5842 193853
211966 96228
55701 35141
97069 24073
62872 162311
136454 217977
186297 173800
195737 160
168840 119019
7983 183731
2312 193243
106113 27627
51305 107165
160421 206597
188525 13461
87105 152904
141419 34860
140135 122552
200621 102152
3048 13838
188156 179278
3670 103062
53776 181340
19100 102382
84039 88714
2278 65448
194276 204642
40153 10771
175172 110087
70913 174723
213699 60186
32888 139908
21726 191020
28732 29752
203513 107161
167155 133850
155752 146337
106669 114925
215045 61883
64054 9631
109149 8637
79427 203236
84986 45119
133138 139756
16563 97458
45832 41244
19871 48388
89 41135
1574 189286
61131 13970
180536 157155
158137 151016
8276 145428
3896 158540
140790 90842
127020 120650
31479 113289
92102 28038
113465 179542
92912 190306
28504 79515
48507 214846
133476 95368
162758 180160
131302 85813
98224 168451
112484 138394
184445 126634
44019 123160
163626 210377
193184 207482
147135 99463
52181 162134
137761 163632
185213 153001
165064 160237
194465 40841
29040 183886
27497 193143
215943 180197
202077 7717
2582 50802
77712 61725
173564 149739
7763 38639
151586 114947
133622 156271
197254 176770
188430 112720
12727 12345
86453 101093
97686 127684
99073 8924
48137 54941
70470 164931
120994 66920
100765 116844
216953 183819
136364 45136
72550 204841
153820 157689
115401 33587
72907 18855
122915 88397
204439 73211
29969 145194
79901 22883
201632 36600
138845 170909
108383 11394
103188 51095
178858 75389
200870 199812
84408 214325
201533 148636
25720 6940
162589 183596
152021 109291
197374 172634
181596 32236
50539 7934
56215 210929
19114 61549
201864 125367
104378 107550
88677 81534
143299 88228
27116 118646
68147 179776
102302 16289
90933 5482
8207 167707
97832 79052
134686 128453
62990 175425
112663 76898
66287 15334
187929 60646
141974 168335
100463 154512
212298 39546
201631 184137
108752 43279
55349 49354
67822 107089
204446 32059
122979 191213
11453 18448
64205 207130
153037 181311
116293 196809
115340 173515
43643 58159
107835 215107
126184 6799
39307 109634
207375 110428
212903 103227
213527 20711
4830 26231
136922 158575
196129 154915
106447 169601
153900 117956
82434 57904
120710 107150
83418 80164
127069 104891
215235 116322
201010 160729
55627 170604
121818 198885
156017 58590
38081 199742
51934 100703
143550 150563
91855 45102
45377 183730
115080 201988
52892 20369
3157 190890
212712 68597
193584 48924
76429 138796
8820 37941
35124 109734
92990 117662
185333 207475
9086 67401
205685 132997
74717 212467
89445 132174
150723 48175
66543 115503
48521 4748
68997 63343
71022 94651
167398 174562
170668 214001
22005 147573
10834 71172
183243 86617
69928 192876
112969 158822
151312 214397
6608 61083
63387 173896
65658 182084
191013 204594
163358 23978
116568 180682
66103 87243
153648 29016
26997 136116
125731 206266
35828 184488
58211 4713
138025 149200
147270 33749
15108 188773
6521 143131
49532 169388
131725 6883
33100 39705
26288 69765
145662 175554
91918 216289
193104 40472
114610 213820
140296 198374
159800 104325
130940 192976
8864 151272
184951 32102
177451 21472
66330 106144
147812 133945
59112 175528
50666 48599
170173 123191
122413 195142
51551 54014
127357 117952
143485 215076
209537 18567
145497 63342
60718 68896
180344 61087
78474 36299
56750 142610
35842 195167
197709 51223
103118 148368
176921 84889
179682 69491
157884 67293
17700 15279
177858 201277
134736 185951
65807 147278
145216 167600
52735 212688
62682 154244
106591 199112
122337 28040
10242 185962
158306 216180
190426 85239
182910 121886
206752 179420
87951 120648
44548 69057
152591 206075
86436 186677
53498 130604
80415 160544
50630 38911
174149 189485
31044 101210
162245 198814
48210 114935
175195 132492
205964 117275
48831 146148
159936 12605
11440 190344
131182 42658
154383 172423
138271 173921
151827 49634
199661 54583
148475 77716
202596 99791
198173 99936
97324 3293
183341 96703
89715 144729
33703 204730
191133 85136
207208 206354
126028 96022
73407 21535
144485 68215
87778 122853
166064 178641
211024 141074
113895 23012
45429 166309
37438 144312
188373 212535
101069 69133
103296 61022
19294 26916
83227 134486
139019 1088
17770 200489
216760 154491
25231 216978
151056 126289
171736 108109
188685 21769
110838 106769
200040 33837
67287 185045
9686 124333
103503 194428
142444 6279
104232 117489
65919 75560
172732 148346
202779 60976
157654 196849
4843 34556
164856 84294
153398 38024
118092 27909
195392 117569
196140 25890
72261 169516
209391 185315
55088 117194
73925 79016
49517 86394
88703 199114
92017 19422
130720 39879
186939 215829
67400 190219
28357 112940
10238 118407
40368 135532
71879 84856
126075 70084
21775 155013
23284 213644
100447 103470
201974 80839
16959 38246
170997 157753
131517 214482
158449 13865
76384 67771
163291 121025
128289 184147
51101 70626
88347 114482
86799 214951
171038 189281
87130 160069
36579 61293
159095 106601
189129 31002
31055 205561
167035 9795
104618 44004
216601 16056
156038 70851
182897 187955
44746 169678
192934 146909
98885 164294
85435 128649
66156 28583
142414 164049
170884 217697
95361 87288
68907 97529
158301 120204
51937 18479
204971 195881
23165 55544
102046 105983
20860 134605
176932 107978
113334 20164
137520 144310
32768 17122
35464 67413
165963 33662
16018 191549
129802 28757
8155 18144
174437 188605
199840 48715
114788 62157
186450 173848
82887 203896
107515 14365
166578 82750
76068 207568
136121 69246
83937 181377
70438 204483
116193 66058
49374 49579
92799 209345
194595 16732
67872 14986
23118 48910
61322 104937
32582 113910
63971 167780
98303 104676
205555 43119
185041 183072
52875 2483
186159 46982
70531 47437
217069 195484
49887 130547
189243 55867
96656 45381
77713 33710
39686 19811
73541 114684
203178 145717
154300 7822
156960 123338
78290 70790
118474 97040
204617 108484
79887 129370
99161 109909
195779 13119
69664 64056
99309 34251
80848 215021
26262 181513
4093 197323
128404 123457
212719 164343
77732 95175
92349 210874
23819 1080
15689 30488
49193 4720
154207 5138
116220 35873
214066 78722
27363 60695
173478 65046
116605 125979
105497 141056
143694 69074
166781 175578
150951 17086
89552 11014
186651 69658
88872 116286
45795 170002
95938 171513
58408 8337
180346 210776
171218 214442
37773 148390
161755 16535
214636 145174
104897 174486
209558 46078
86127 138405
5697 211996
204422 35582
134467 16393
191984 173599
146682 97101
24475 148353
173152 2563
44737 128289
131030 23825
194941 14707
127152 119151
92722 58197
200283 76166
16254 165860
118705 106677
41374 25204
195200 79418
88331 212067
162502 138889
118956 212341
106761 33872
213433 40823
209335 91262
66894 14467
80006 161222
134289 141936
85289 130388
125685 202108
177374 195992
13034 143932
158064 93841
217414 42114
72316 11347
155935 71070
75016 61250
173527 212314
166294 69982
153905 168046
41252 194607
83831 36870
194800 173439
52059 175834
148392 145924
50567 49627
40913 208999
11904 53135
59557 158315
77608 67618
209211 27120
179537 30923
26431 93488
164327 146484
66708 47260
146882 21600
38032 65364
22773 146518
52883 50991
87687 170
4647 8428
21681 169622
106044 168215
58195 150333
48272 46722
186071 165763
129664 134906
154899 200972
68651 126956
151601 172981
73681 213366
66537 60634
206779 23683
119622 83958