100
6969 338
15605 16525
10281 6820
11985 8172
14092 2699
7839 9936
1071 19114
7185 7483
1953 1276
333 10936
2542 4268
15370 7340
786 4676
8588 6208
4094 19444
6722 304
18946 1884
9402 3953
18409 1935
19347 9852
6361 15662
18686 1857
12526 1460
12225 3501
10193 2684
19446 1696
1926 3070
17162 15106
2841 15895
5817 18251
12995 12861
12991 1781
13202 9798
4168 1532
2365 12525
11410 8157
13934 14575
18067 1109
10711 1510
12333 16987
18835 10340
7282 15732
16072 2946
17202 18089
9639 15388
10506 8631
2301 988
7003 1871
13193 18217
13316 2262
17065 15612
6016 8301
13230 5075
5056 15330
4954 11005
2888 3825
11278 15577
5057 17589
9323 12519
17090 17052
10506 11505
1265 3229
8880 4149
14455 16961
3033 19231
4928 9934
13138 18725
4354 11931
17243 16553
8286 12792
14378 19286
19367 15461
17727 10443
8039 550
14046 14354
19206 18512
111 13864
14084 8582
19416 8482
16459 5745
10433 9354
4482 12920
2207 7320
3513 8480
10196 6938
3687 258
3006 17418
3318 19042
4937 1864
8665 7156
377 1712
1737 4833
6509 8474
14928 9404
15744 19080
10777 10027
6096 9997
9090 6039
17698 18021
11963 10244