1000
154303 183783
200935 2254
208280 116743
30779 186454
51939 200210
84884 179581
101871 27515
163109 48047
56362 22450
55680 206807
41925 11636
17020 11211
118700 96291
85042 79308
121729 1567
99864 95602
35247 185125
117878 70913
164527 100828
111594 78390
148044 117029
9589 118331
179107 200681
204413 106921
128675 157252
10396 183927
53528 80461
144350 165739
191406 210421
17641 140588
45508 928
30938 97817
124346 127700
65388 42045
143844 110737
108609 14911
80840 4277
174496 146275
133911 132092
60039 2094
207295 50661
75080 93635
85415 28524
39277 82472
37358 59329
203753 63132
123735 153893
9031 41706
103678 76875
64387 167074
42000 4881
136822 26320
175105 93858
173186 49598
107551 177049
122106 22880
18347 130385
93564 62161
85235 100075
65715 133527
115001 150079
144938 71632
31432 96643
9700 84129
88819 66611
120889 189678
28004 126195
52781 116568
208405 106515
149510 151554
53011 153877
3166 191537
178786 27780
96743 101026
70845 140496
168508 155910
196441 114799
18762 182797
135175 199911
203293 25935
8287 207284
38916 183498
33014 86759
15448 15268
48693 17686
213879 78880
112329 131911
40253 181837
214768 132272
143275 122115
209091 164605
60402 170962
57514 41201
216165 28771
149128 176697
202701 73130
9624 22582
51778 190029
10687 122625
124776 22386
27690 186229
155170 113926
133231 100204
29691 111498
73868 117898
200728 65323
161887 113843
81632 193735
113025 60916
144379 99435
122567 110636
156361 97353
173426 72691
177366 31709
116148 1931
7624 47263
133047 40959
75202 99107
43032 102592
174895 75628
86040 71053
49438 80708
216981 10553
38042 195573
158491 217254
55110 4584
72214 148209
202277 141504
87287 80173
178749 62267
116991 9336
173739 195693
102190 201925
71266 159032
203905 99930
25784 207614
35764 206586
145196 172117
52029 193700
171312 199615
67626 125411
215261 100749
168813 36936
191649 87891
75553 57152
57535 19732
117200 129851
216145 115667
65085 194171
215734 32062
56033 11395
112573 95592
131885 102550
180549 39030
190751 21206
72914 172062
78256 5886
193092 124143
128770 151905
200179 29459
33799 45632
208135 198490
19583 6116
109669 139958
88174 120744
181180 89999
187785 169601
73028 39164
97453 9755
104933 195607
177415 121213
47977 101233
35931 75295
203708 146433
46189 152989
4119 135304
46703 18677
174271 5392
147535 133515
28021 30622
137240 36337
102163 133995
60189 199711
157274 161028
186258 64505
185134 112017
32068 139776
6751 12571
42968 53924
12292 199662
132153 53266
129376 24798
92884 133458
161115 121242
132303 103567
198239 125747
6052 103599
92371 151399
201905 174055
85496 49791
43711 207308
150635 305
81351 157691
9887 36591
57055 58497
98247 1800
73746 137433
30916 83125
177057 65882
77449 215959
101888 146091
152448 170223
140641 128361
104890 150840
77504 129697
2483 77850
105674 140197
119554 110261
63470 41784
95469 48816
213275 49171
174860 160381
212712 59875
124082 195940
211796 152653
182219 61579
178233 156854
173121 136024
134454 210115
30118 85865
155458 83170
206977 194757
212430 3103
86526 21791
130238 181327
57391 150622
14329 217224
204645 54237
83782 137312
170367 39940
33392 34905
12992 38796
99618 109758
118797 143583
56752 140420
137484 47557
23378 137993
73246 111423
157071 200459
209623 5929
97103 142779
57364 189082
89898 66968
24792 113491
107620 6864
45921 96360
183373 45058
204604 157304
144965 37108
35868 58344
2538 53427
204458 67452
28069 21353
36868 208982
203592 29304
19477 214004
141026 96678
133303 29021
177084 8495
182742 49382
122211 194636
66496 200901
149631 92334
23040 204655
209296 110724
58993 139830
75791 63506
112869 66180
8774 207949
182032 51188
90613 141223
23421 98136
68155 68806
211302 100604
141525 181767
29878 58449
211605 1622
130374 171691
129605 124673
84529 165150
115159 157351
185293 177058
84738 149995
92001 92480
186115 21125
217876 57098
131243 7974
15334 4433
11946 185093
8396 123876
47079 7681
124837 209441
9572 75859
116000 31357
161355 11918
94819 170023
144289 200073
68501 83045
199062 62315
40925 113303
84432 164167
73074 88822
209790 44754
123163 145759
70195 86663
76144 137481
195400 205202
14702 143
25207 28600
143489 33219
131480 152577
153249 45555
189615 12034
28335 51917
136491 170994
22297 202697
142651 184635
146323 17608
142397 107804
177404 68472
39809 136467
61362 59702
63130 201594
139441 140672
112573 16407
53164 155362
196063 61553
164236 144392
34726 108035
111610 208428
13196 144673
14506 48217
189431 175458
137647 120666
137180 178607
115875 77847
156564 143015
126183 53745
109922 168694
53969 54622
206369 196073
5555 90264
145359 89387
142199 40720
36532 56440
133858 201176
1950 212744
107946 181463
151816 159315
14378 154093
37214 162093
206412 87528
149648 73085
187695 79553
79396 197727
154498 35189
180425 120287
217835 68379
115972 217897
57575 78963
44864 44500
94105 182607
57202 173046
8841 152469
86527 120458
100567 65689
64054 137514
179462 123528
112714 158348
146757 2375
62129 141681
99065 12841
217802 74204
151337 125402
215418 121935
207540 18179
163277 151438
64498 41995
187495 179147
162432 183882
17853 11425
86772 2041
199917 181790
109881 112320
93980 46151
121469 152883
25806 72596
60825 160125
66530 160462
101982 40707
79120 187600
38086 93347
46713 2991
108840 188316
85498 106063
20703 5128
169353 7819
60397 199874
43597 207143
120978 116796
166340 120091
15763 163731
159549 103371
168945 32104
59773 171997
216255 107189
76176 96612
121664 69251
160558 99357
125999 28355
149010 5516
23265 85648
110484 217893
28080 72833
126393 78320
44339 58138
25217 171315
213167 126480
113904 114942
213535 208935
82946 149502
40978 203173
120167 118698
16747 114735
113183 81756
166586 17352
100303 9033
175878 66916
148225 102133
1591 214896
47339 62308
150632 111266
95563 215844
24605 66522
59406 125439
135554 12581
159442 13606
27745 157935
49236 40788
22711 199127
12795 171336
7778 127842
164782 47459
36281 163614
48122 128411
163102 83347
87025 211061
74281 132605
140032 120337
195194 129141
31176 101545
113513 46284
185367 17805
7177 83816
188852 58112
196441 203071
156605 197923
78743 27192
86018 161992
94733 195995
109867 141813
97812 157964
86771 108573
52751 191200
46290 28182
202781 95733
196691 36626
216645 66158
186329 41858
164635 177667
49514 151542
213241 196133
121378 198062
25894 12687
96289 74339
190929 203541
8140 153104
143481 176967
25767 200516
16333 21387
42607 55454
203310 178923
177151 75730
58869 157598
193021 103550
75877 150615
46051 6466
137030 99942
132131 54294
65621 98592
22831 162857
22018 99613
76207 185291
186912 181190
141865 69899
24116 94769
194188 50343
18133 53697
114109 165648
72283 162621
174613 26961
69807 38005
191770 95127
110254 186744
10809 165123
74690 48909
110139 90010
117020 77244
74583 151565
136712 45784
112124 152565
115085 85043
203449 84674
73374 19501
192651 154814
215633 194130
177247 131730
83701 188993
174419 160571
167628 20445
146389 154776
125138 168100
194927 74885
69546 203329
84950 114711
107452 22871
168505 124073
94937 129307
129371 38685
171876 94250
104215 79448
78599 162183
150862 18281
57017 89785
13068 100837
173426 212270
120876 53138
204275 125138
4965 71804
206607 160130
52729 68906
75675 159120
19824 214558
74992 119624
101419 87607
103336 163925
164618 179450
137401 73221
148399 41867
217910 194730
122064 116346
18963 195239
10068 65469
137297 94272
126266 216870
58119 152540
162763 16540
97388 83649
122146 99214
106566 193037
198283 140449
122668 12466
101605 176175
215802 51608
197108 72055
146340 6899
53596 206865
166687 150926
178982 138979
40812 126561
112578 17745
62937 200114
89481 186414
147891 50714
79804 182093
76237 178593
21775 183035
209369 137160
39721 46532
170478 71007
141003 31969
31304 9866
118453 132969
171726 147933
194502 17176
91568 18683
170287 206997
41099 157758
6461 64477
128311 77610
139032 179387
148808 90008
78712 74781
39499 88059
20633 197883
26635 43220
27929 196480
118545 122107
172027 103683
196870 115679
22847 196019
178851 173776
64300 38807
92566 200120
1783 35018
63384 1030
103753 109950
122484 207896
63844 138572
335 83367
156937 166493
13679 155028
42610 180196
30417 100947
141591 15855
7865 160416
137109 18906
61234 140560
105422 110854
167777 113479
38712 2547
59390 210754
155241 207877
156831 139529
20997 59284
7253 148073
144601 114516
14451 92192
201682 50474
42442 184338
211299 88484
40334 131557
145201 10815
171652 63730
34079 79665
133985 56012
205035 44648
41304 29123
134856 84363
32660 145880
31155 215024
99387 178651
66759 135693
74168 26996
26625 20561
13180 116736
13054 187794
217822 69195
151378 1940
186172 200616
178744 41850
140329 161723
160401 150519
177911 48616
47881 17200
194606 7495
37706 209319
127745 75832
206943 138684
58004 10043
171965 9174
57213 44076
178926 36261
151123 6742
148565 205548
97468 197328
97613 123941
50616 55107
27511 162508
143732 129842
156455 152589
184684 195318
105525 130308
107074 72041
121260 189963
136973 11680
177074 42691
84752 193415
181608 28983
142317 125172
173935 3348
142997 40430
194416 205091
50169 217287
110453 145272
196548 8145
26175 108133
54155 112885
42303 105828
166158 81117
21742 46015
126346 198398
49538 211677
67314 51026
139731 16370
182155 148379
6986 49411
89093 94489
197118 173697
75553 117573
3293 126358
162319 198535
1815 112041
151058 70570
156603 159963
30789 124429
162813 25097
58061 179339
99746 158296
84803 102301
27231 143915
160746 151807
9015 138819
95955 111408
77517 156523
110973 3675
116043 134617
27478 195261
49824 152673
132564 95987
148510 95466
8199 178599
111707 26258
138008 67419
118552 110578
59380 47093
113420 98033
190287 64502
94223 58716
125874 96274
89955 38901
14303 2452
94244 54604
189558 90930
101856 66952
124608 36902
126979 52407
74533 31633
71238 217896
159443 106333
165117 57095
38944 182255
100660 172448
105049 38529
48028 9964
99664 111025
102199 148816
11184 56248
118481 85830
141854 50214
191800 183402
84565 91539
96142 173832
213395 149025
50926 18677
36797 82528
126418 186911
47610 162788
73732 23239
47505 29577
57558 112033
182036 129811
103003 5556
15256 128736
171891 78087
189951 59181
7652 200222
101286 166871
93968 183524
193982 59166
74783 202580
56034 212075
110086 54570
125910 101396
65649 68303
87120 168858
17682 11901
42550 180351
12513 44011
12117 167646
42696 74723
15603 196909
131618 11307
99988 9028
172173 55650
68147 54008
197710 131413
17547 154023
42929 37541
184925 168336
4180 167191
176696 80181
171943 124862
16727 133171
82239 161860
122812 104955
48067 125591
131314 62609
177782 50775
11228 66504
197624 94857
155059 88542
63387 114457
110115 25486
94448 74630
165045 6288
107511 215729
4244 195772
203863 19412
157850 114175
164438 199917
213267 76055
41054 10159
101168 6902
121253 185733
19634 102202
84896 161379
200354 15253
42248 5251
11664 124513
202622 61678
71216 66847
10194 133721
44878 211810
205272 138689
70550 94792
30938 103332
30760 172526
89375 93461
184323 175846
160441 150941
136687 63288
69791 67856
166887 55007
185009 127661
146899 207693
6610 124722
166925 37234
198313 55536
215341 50888
82558 209924
3427 10581
57729 173916
208184 12745
175237 72448
120666 71171
206423 118371
51487 95548
12445 56369
185646 125575
141981 206044
146026 102454
151074 398
44063 139308
150959 187917
182607 52830
53295 187206
131434 86072
136649 158345
69893 59808
54107 150286
191811 123824
203144 96903
138347 172647
45216 154401
128640 48732
160483 205847
170035 170026
190221 19954
47426 198677
83997 154048
3396 60333
157117 176275
213229 98578
139731 12080
4695 175658
114201 62344
144342 152327
141537 29644
192626 191469
106269 191636
138013 74806
200848 175860
81083 58068
101404 71772
113898 71850
16503 194975
50760 181983
8505 174925
111542 92662
111219 8641
187768 86105
127032 148730
74512 130200
45696 170347
31542 9822
141010 24345
110161 22701
26136 76616
125415 30703
158833 51098
143280 203107
192385 44607
121138 44594
133332 99986
32264 93391
105412 6371
48505 209027
107666 19113
217100 143266
6916 112671
59316 199005
87814 81475
146188 168698
25152 179242
72941 115575
103673 157684
123199 111351
195488 119561
15177 169843
199708 7382
215880 8285
56781 63662
95311 134897
65794 134939
147093 15329
110879 87569
127728 43191
77981 200320
186188 48169
149489 192852
147722 104305
150680 215796
1070 98509
184377 193630
186801 26767
175640 140256
79439 18865
189906 126658
91331 11182
172693 96466
29558 84467
92133 106003
152850 123489
168415 183265
175731 60620
209562 34819
102863 98260
2251 203577
43953 182969
153446 60096
167506 63115
154151 136487
74858 207469
156271 154808
64501 49985
131556 58536
55699 76229
90507 79565
140062 71260
103502 15320
201280 69463
49330 158555
196673 144277
205319 203158
98954 212738
190387 159291
155495 16236
1312 17555
15939 121519
20188 22685
75065 153874
126669 185668
36955 18619
15501 114149
31503 196728
130930 77793
46265 53556
97748 71474
214741 214764
8548 195472
66954 128061
175434 189622
34765 35579
150672 217222
23802 189560
140508 128048
71048 36520
13932 9814
101751 139512