100
0 93 61 88 31 21 30 22 67 49 19 44 83 32 34 30 20 29 95 20 88 89 23 48 61 17 80 33 33 58 11 70 89 80 96 97 52 72 85 95 46 78 52 82 53 97 28 63 69 59 38 32 60 84 95 46 79 22 26 15 98 35 40 26 95 53 38 21 35 13 74 21 33 55 23 67 78 75 35 50 57 29 65 38 20 22 11 66 86 56 96 80 75 73 62 38 56 86 21 25
93 0 42 30 68 61 36 20 97 22 18 24 30 52 48 44 51 80 90 75 39 28 81 43 79 47 46 75 72 79 23 61 23 32 77 44 63 70 36 76 67 51 32 66 28 44 87 17 69 81 13 13 22 94 73 39 63 46 19 39 36 20 14 15 86 20 68 75 90 40 36 90 27 20 75 86 85 75 77 66 90 44 65 98 33 67 10 27 58 32 57 91 21 96 94 45 25 74 99 88
61 42 0 93 19 26 41 39 74 28 77 18 51 78 91 20 21 95 21 85 59 56 75 57 44 23 16 13 70 46 91 29 16 86 36 19 74 59 36 38 99 63 32 52 86 30 82 54 32 89 19 75 19 66 73 37 57 40 79 70 34 13 13 60 45 24 15 58 92 72 50 73 54 54 22 42 33 32 83 20 61 93 40 25 53 52 99 89 87 81 34 89 17 33 74 71 32 17 49 51
88 30 93 0 71 87 80 11 90 45 43 73 50 55 85 12 81 81 65 52 46 48 20 33 43 33 45 13 64 97 37 55 70 54 59 50 78 38 33 45 39 62 36 48 56 37 98 92 73 81 33 56 82 86 96 59 25 10 65 53 39 35 34 38 77 95 96 61 69 52 49 26 89 99 57 56 61 77 14 78 35 24 21 97 99 71 36 52 28 32 83 39 81 91 84 28 89 50 77 65
31 68 19 71 0 28 21 73 59 57 94 56 46 60 36 31 49 88 87 59 30 79 24 71 48 45 28 51 58 77 30 46 47 38 13 84 54 73 42 18 85 62 35 89 57 35 84 50 22 67 52 51 55 39 83 43 47 20 94 43 14 37 14 26 96 99 85 52 29 26 30 76 28 78 42 40 94 27 76 11 84 18 99 36 52 68 33 68 98 41 71 13 27 49 98 76 41 91 33 73
21 61 26 87 28 0 33 33 26 55 81 39 18 71 59 22 85 57 43 31 67 69 73 10 93 17 19 29 61 17 60 52 11 35 24 60 68 51 15 77 27 59 18 58 40 42 12 76 96 53 12 46 90 67 45 83 25 54 15 96 41 37 52 99 11 23 80 70 13 93 18 91 77 94 77 90 62 64 82 65 26 66 10 91 65 74 58 90 13 49 96 64 37 30 97 34 11 36 26 14
30 36 41 80 21 33 0 27 46 94 24 91 47 15 37 32 22 28 90 25 87 56 19 39 81 78 21 78 60 55 57 52 51 18 21 35 92 45 10 39 57 65 91 55 90 26 79 93 60 23 49 49 50 76 31 40 63 22 45 21 71 49 96 29 16 54 91 38 97 53 84 93 21 84 39 38 58 43 15 99 34 74 53 29 47 69 45 32 65 33 90 20 23 43 54 99 50 19 20 40
22 20 39 11 73 33 27 0 29 41 75 59 19 18 83 34 14 91 45 83 91 36 87 79 26 66 62 81 12 67 23 44 72 37 17 36 24 65 33 65 63 36 33 67 65 26 31 71 38 98 29 47 56 90 94 30 78 36 68 64 22 48 52 13 24 81 44 24 57 85 25 98 90 68 24 64 69 54 73 56 20 37 66 70 21 17 55 33 36 13 69 13 92 94 67 36 24 17 28 96
67 97 74 90 59 26 46 29 0 45 94 68 12 73 75 78 46 18 53 11 14 54 34 24 70 45 91 13 54 60 45 98 89 72 22 15 39 51 85 77 55 76 36 65 93 45 11 85 16 92 81 78 37 57 30 82 71 30 63 54 27 66 12 77 95 93 80 36 91 75 94 76 10 98 15 10 87 52 50 68 17 56 20 56 84 57 24 75 70 23 16 49 93 81 41 98 32 10 54 63
49 22 28 45 57 55 94 41 45 0 41 76 68 39 92 71 51 61 81 94 72 85 89 12 41 18 85 90 36 57 85 61 14 37 63 27 90 97 92 65 16 19 41 11 44 77 81 77 20 50 37 37 45 89 63 33 77 66 59 39 70 82 86 80 90 96 54 61 25 76 89 58 34 33 96 56 89 27 17 18 69 21 59 93 77 52 95 74 30 52 94 70 73 28 74 46 27 45 85 63
19 18 77 43 94 81 24 75 94 41 0 42 35 43 93 42 52 86 68 36 29 91 56 16 50 80 99 55 52 35 18 50 98 95 15 34 34 47 53 61 94 41 38 63 19 99 30 55 23 34 93 45 32 76 83 56 19 47 93 31 95 39 38 97 31 71 84 90 78 22 44 55 49 44 69 87 83 27 67 22 64 12 69 86 11 79 64 80 64 88 42 10 83 11 17 87 48 74 56 66
44 24 18 73 56 39 91 59 68 76 42 0 46 70 10 97 69 78 27 27 50 92 47 23 23 82 38 74 35 49 69 40 30 65 83 65 11 73 98 34 48 65 17 51 68 28 62 19 71 28 68 79 60 97 57 32 35 65 72 44 43 97 97 30 57 41 13 67 83 30 79 75 82 81 12 73 68 63 40 24 75 76 13 41 73 39 20 17 37 15 69 36 79 50 55 80 16 12 25 52
83 30 51 50 46 18 47 19 12 68 35 46 0 25 98 71 96 25 53 30 39 24 25 94 39 51 23 29 27 16 38 55 81 92 89 90 22 33 88 78 64 68 28 87 60 72 57 51 16 12 31 75 19 92 69 26 53 46 87 22 71 24 33 80 15 53 96 28 17 65 21 37 21 20 86 84 68 45 46 53 37 21 49 56 93 35 82 61 57 75 70 22 51 51 37 25 99 13 75 89
32 52 78 55 60 71 15 18 73 39 43 70 25 0 59 40 73 27 30 32 84 44 11 69 47 95 54 65 81 76 89 68 28 58 40 46 55 99 47 83 62 54 78 56 15 85 38 90 20 12 85 29 83 16 77 51 63 26 80 71 25 67 11 60 61 91 67 53 24 92 61 74 67 33 59 16 84 94 93 13 18 23 72 75 48 97 11 13 39 85 81 16 91 18 10 17 30 91 88 15
34 48 91 85 36 59 37 83 75 92 93 10 98 59 0 37 23 57 29 71 92 42 53 80 97 34 56 84 84 79 51 65 11 99 93 87 90 85 85 82 55 63 41 42 15 69 24 69 63 71 89 19 79 84 10 96 63 30 39 92 32 45 97 54 41 17 62 23 56 51 34 29 22 88 41 19 50 43 22 97 63 73 46 51 37 26 49 28 30 17 73 78 45 15 77 25 23 58 13 20
30 44 20 12 31 22 32 34 78 71 42 97 71 40 37 0 84 84 67 84 56 17 48 84 18 81 74 21 66 27 21 22 42 37 15 32 32 20 92 70 76 59 40 76 70 49 31 54 25 10 33 27 48 56 63 63 50 26 80 35 78 74 21 92 62 61 82 19 18 39 84 10 19 12 61 22 93 66 82 96 42 96 34 96 59 25 57 80 92 48 86 95 57 66 87 44 80 67 34 56
20 51 21 81 49 85 22 14 46 51 52 69 96 73 23 84 0 27 33 58 50 49 29 63 61 69 74 15 71 96 77 79 92 76 41 56 25 94 16 40 12 74 66 82 38 15 57 40 50 12 32 54 24 33 41 69 38 29 81 30 97 71 81 83 93 33 32 56 54 76 12 48 45 96 29 34 61 50 86 47 26 61 26 48 35 50 94 50 87 94 29 69 32 67 14 70 18 86 43 92
29 80 95 81 88 57 28 91 18 61 86 78 25 27 57 84 27 0 40 45 18 83 59 85 20 60 80 47 17 28 28 90 29 29 72 91 81 18 31 79 45 59 84 81 42 11 30 41 27 93 98 58 36 17 43 64 45 11 76 92 61 53 71 39 92 64 35 32 86 21 82 12 47 47 48 14 27 33 45 77 72 70 69 53 24 21 75 40 50 84 23 23 95 59 76 75 36 32 26 32
95 90 21 65 87 43 90 45 53 81 68 27 53 30 29 67 33 40 0 43 76 76 95 82 37 32 82 13 42 75 83 39 79 21 23 94 29 10 68 10 15 13 71 95 21 67 36 11 49 35 23 61 47 93 34 48 69 89 83 76 46 32 82 20 49 62 79 70 12 74 74 88 23 36 31 58 48 39 28 98 53 90 42 23 87 55 62 23 38 66 19 46 97 65 23 36 17 98 69 54
20 75 85 52 59 31 25 83 11 94 36 27 30 32 71 84 58 45 43 0 42 39 42 44 47 49 59 64 32 91 96 96 70 41 63 55 89 27 80 70 26 77 27 98 89 63 81 38 16 24 83 22 94 36 91 44 11 48 28 65 67 32 29 95 67 98 41 38 92 14 38 87 75 13 98 53 70 23 43 20 49 43 33 17 60 56 16 65 76 72 92 32 56 62 59 65 65 64 79 71
88 39 59 46 30 67 87 91 14 72 29 50 39 84 92 56 50 18 76 42 0 51 88 82 44 51 64 39 69 51 76 11 46 47 80 57 63 83 89 90 23 81 58 91 81 17 68 46 57 59 70 74 37 97 38 37 33 66 30 79 92 10 90 18 80 97 57 69 10 23 68 49 29 85 11 97 92 29 19 91 43 97 59 68 17 22 27 59 87 85 79 78 81 83 94 44 77 50 69 80
89 28 56 48 79 69 56 36 54 85 91 92 24 44 42 17 49 83 76 39 51 0 40 59 26 30 15 55 78 30 23 16 33 60 42 16 15 28 52 76 42 49 55 93 71 93 64 40 26 22 69 24 67 25 43 60 29 13 18 65 46 67 74 85 88 60 59 45 15 19 63 62 51 23 77 76 93 24 20 46 19 60 21 53 54 64 48 38 12 27 61 76 50 96 55 30 66 34 38 65
23 81 75 20 24 73 19 87 34 89 56 47 25 11 53 48 29 59 95 42 88 40 0 30 34 46 97 97 83 47 48 83 22 39 62 80 14 36 38 86 38 61 62 28 44 18 41 36 73 87 43 15 53 26 37 95 55 31 95 85 18 23 49 54 82 64 49 35 57 41 31 54 31 84 79 92 77 53 18 68 70 45 82 44 40 40 30 30 86 25 50 22 38 49 28 94 30 15 62 18
48 43 57 33 71 10 39 79 24 12 16 23 94 69 80 84 63 85 82 44 82 59 30 0 82 79 15 72 66 23 90 16 92 99 94 97 23 66 89 49 88 60 92 88 92 44 98 27 83 19 52 44 39 16 43 95 93 91 41 33 47 32 94 16 96 22 55 94 61 17 94 72 36 52 14 78 71 45 18 22 84 90 99 42 61 98 61 66 59 27 68 35 22 56 97 82 24 69 22 18
61 79 44 43 48 93 81 26 70 41 50 23 39 47 97 18 61 20 37 47 44 26 34 82 0 78 26 58 91 62 11 60 37 81 50 50 55 39 37 21 76 94 62 98 86 23 44 44 16 65 15 28 77 22 34 48 13 33 24 42 99 43 50 45 17 32 77 65 14 26 79 33 49 66 85 90 88 14 58 73 31 42 23 80 53 36 25 48 67 57 88 91 98 73 18 54 24 43 94 47
17 47 23 33 45 17 78 66 45 18 80 82 51 95 34 81 69 60 32 49 51 30 46 79 78 0 53 28 23 49 74 44 99 89 19 95 93 41 57 81 91 86 25 27 56 23 35 64 22 24 46 97 70 95 10 10 96 78 59 60 20 48 96 35 60 85 77 89 28 93 64 87 93 14 50 43 19 49 51 21 30 28 51 76 56 97 90 66 55 94 29 62 20 63 40 45 97 49 48 64
80 46 16 45 28 19 21 62 91 85 99 38 23 54 56 74 74 80 82 59 64 15 97 15 26 53 0 85 48 62 98 14 21 41 70 73 23 22 46 42 15 69 57 55 43 78 83 51 44 91 48 43 25 46 43 60 28 26 97 54 98 40 39 30 36 69 62 38 71 61 41 90 11 15 83 28 30 40 95 46 36 56 51 66 68 28 83 86 93 12 82 13 88 30 70 83 14 97 91 41
33 75 13 13 51 29 78 81 13 90 55 74 29 65 84 21 15 47 13 64 39 55 97 72 58 28 85 0 73 93 18 49 79 94 27 89 97 44 21 86 48 58 83 18 41 78 40 87 37 10 86 82 28 73 17 28 34 11 18 90 98 69 53 75 55 61 39 70 21 38 27 62 59 40 17 35 35 96 11 25 71 64 73 72 97 85 28 32 70 86 88 38 82 87 22 45 62 32 67 82
33 72 70 64 58 61 60 12 54 36 52 35 27 81 84 66 71 17 42 32 69 78 83 66 91 23 48 73 0 15 61 39 65 90 28 80 74 24 69 11 89 63 38 10 16 24 97 89 62 10 64 91 28 40 96 26 80 64 37 80 55 50 28 26 84 46 52 39 89 66 10 31 84 79 45 40 62 71 79 86 86 58 81 41 33 24 50 11 84 94 15 75 44 76 11 46 58 22 55 65
58 79 46 97 77 17 55 67 60 57 35 49 16 76 79 27 96 28 75 91 51 30 47 23 62 49 62 93 15 0 47 67 84 66 61 10 11 66 33 29 34 43 71 52 69 61 36 71 94 67 59 57 51 27 73 80 38 38 90 56 15 29 20 64 22 83 61 49 25 38 15 10 25 12 14 84 32 83 31 15 90 38 74 10 53 50 28 33 97 76 91 79 38 28 40 22 16 10 42 99
11 23 91 37 30 60 57 23 45 85 18 69 38 89 51 21 77 28 83 96 76 23 48 90 11 74 98 18 61 47 0 66 24 90 24 25 14 59 68 95 74 59 55 24 76 43 11 41 51 47 77 89 75 73 47 37 26 52 95 46 86 90 58 77 97 58 78 75 75 65 94 77 30 20 97 26 12 44 30 27 22 91 15 73 32 50 73 80 83 48 38 83 57 84 40 85 21 57 55 31
70 61 29 55 46 52 52 44 98 61 50 40 55 68 65 22 79 90 39 96 11 16 83 16 60 44 14 49 39 67 66 0 83 10 43 96 35 46 55 75 11 60 89 98 38 79 88 23 57 69 22 90 24 65 21 87 41 41 10 72 17 71 17 94 88 90 50 64 73 33 57 50 31 53 59 30 38 96 58 61 96 24 24 21 25 44 97 80 22 57 70 11 89 32 90 45 30 14 87 70
89 23 16 70 47 11 51 72 89 14 98 30 81 28 11 42 92 29 79 70 46 33 22 92 37 99 21 79 65 84 24 83 0 30 73 88 89 74 89 32 62 69 60 63 64 41 59 53 14 98 83 64 27 24 96 42 53 69 30 30 78 83 19 14 64 35 25 39 81 20 72 39 14 68 82 52 70 94 19 16 51 35 22 38 94 24 60 85 84 20 99 42 66 63 25 51 79 64 92 22
80 32 86 54 38 35 18 37 72 37 95 65 92 58 99 37 76 29 21 41 47 60 39 99 81 89 41 94 90 66 90 10 30 0 27 79 44 73 82 98 11 51 44 66 99 85 17 94 48 27 64 93 52 32 89 87 33 87 25 25 62 63 40 28 37 60 76 23 94 11 89 44 35 45 33 38 15 85 49 14 88 88 17 72 94 74 59 44 18 75 29 86 59 31 14 65 38 46 41 40
96 77 36 59 13 24 21 17 22 63 15 83 89 40 93 15 41 72 23 63 80 42 62 94 50 19 70 27 28 61 24 43 73 27 0 31 31 69 66 49 44 86 47 42 49 10 64 18 18 38 98 97 65 78 85 54 51 34 87 86 75 72 55 29 26 97 27 51 27 58 78 65 23 68 23 75 12 99 56 42 36 67 95 53 10 34 62 72 40 16 98 12 70 42 58 23 13 58 63 58
97 44 19 50 84 60 35 36 15 27 34 65 90 46 87 32 56 91 94 55 57 16 80 97 50 95 73 89 80 10 25 96 88 79 31 0 25 85 45 67 79 14 53 87 60 94 88 56 70 64 20 66 53 83 60 86 53 81 52 78 22 93 17 61 10 78 47 52 86 21 21 44 88 93 22 35 26 93 34 50 55 31 34 85 29 10 41 65 66 41 37 76 18 94 96 10 39 42 37 21
52 63 74 78 54 68 92 24 39 90 34 11 22 55 90 32 25 81 29 89 63 15 14 23 55 93 23 97 74 11 14 35 89 44 31 25 0 37 64 38 50 17 28 92 55 75 60 91 20 90 37 72 66 45 15 70 73 46 85 79 88 48 31 66 22 86 12 88 24 19 69 26 44 47 37 11 66 98 85 42 54 33 79 72 96 36 29 70 11 73 59 66 96 15 95 26 94 57 40 52
72 70 59 38 73 51 45 65 51 97 47 73 33 99 85 20 94 18 10 27 83 28 36 66 39 41 22 44 24 66 59 46 74 73 69 85 37 0 31 88 64 49 75 80 90 18 32 50 52 10 95 75 49 40 64 49 54 52 63 59 99 71 99 71 93 38 58 62 49 55 65 54 22 98 92 63 57 74 48 30 44 81 97 23 16 67 66 36 95 48 13 59 76 85 27 82 24 51 74 65
85 36 36 33 42 15 10 33 85 92 53 98 88 47 85 92 16 31 68 80 89 52 38 89 37 57 46 21 69 33 68 55 89 82 66 45 64 31 0 11 80 66 53 54 60 75 35 20 43 51 97 99 99 76 35 40 58 30 92 42 29 80 29 10 75 90 60 96 47 32 92 86 92 40 90 23 83 79 83 74 25 35 33 89 41 66 58 83 17 88 45 30 89 35 81 37 64 52 69 35
95 76 38 45 18 77 39 65 77 65 61 34 78 83 82 70 40 79 10 70 90 76 86 49 21 81 42 86 11 29 95 75 32 98 49 67 38 88 11 0 21 87 13 49 44 23 35 94 26 80 42 35 26 25 13 42 63 54 56 71 56 44 75 42 58 81 25 46 12 16 95 59 91 93 98 63 72 82 37 86 82 85 13 57 41 50 34 75 49 73 54 18 63 86 57 38 90 69 71 66
46 67 99 39 85 27 57 63 55 16 94 48 64 62 55 76 12 45 15 26 23 42 38 88 76 91 15 48 89 34 74 11 62 11 44 79 50 64 80 21 0 31 23 78 52 96 54 61 20 78 47 75 26 67 99 37 92 95 20 67 31 14 86 80 53 78 54 42 90 61 76 69 15 90 69 64 17 83 20 76 98 41 70 45 72 85 63 50 79 11 74 61 75 92 49 73 97 89 59 67
78 51 63 62 62 59 65 36 76 19 41 65 68 54 63 59 74 59 13 77 81 49 61 60 94 86 69 58 63 43 59 60 69 51 86 14 17 49 66 87 31 0 25 67 16 47 22 76 88 24 47 24 55 70 31 85 69 14 60 43 76 44 79 24 23 72 41 59 38 43 73 25 13 18 78 40 40 44 97 98 53 51 65 14 77 39 67 85 47 31 92 65 50 58 65 80 21 93 63 49
52 32 32 36 35 18 91 33 36 41 38 17 28 78 41 40 66 84 71 27 58 55 62 92 62 25 57 83 38 71 55 89 60 44 47 53 28 75 53 13 23 25 0 16 99 43 51 69 91 91 53 67 17 65 89 30 53 95 54 21 33 79 50 71 66 39 65 45 32 57 93 69 68 11 80 63 11 30 75 18 52 59 29 44 49 50 82 34 46 78 20 87 12 72 25 98 18 37 66 91
82 66 52 48 89 58 55 67 65 11 63 51 87 56 42 76 82 81 95 98 91 93 28 88 98 27 55 18 10 52 24 98 63 66 42 87 92 80 54 49 78 67 16 0 44 87 69 73 25 63 37 48 62 69 49 70 64 24 82 56 87 84 30 49 14 17 67 53 72 88 96 73 12 77 65 33 48 87 15 82 13 42 62 83 94 96 98 54 58 21 26 23 30 26 40 60 39 28 56 19
53 28 86 56 57 40 90 65 93 44 19 68 60 15 15 70 38 42 21 89 81 71 44 92 86 56 43 41 16 69 76 38 64 99 49 60 55 90 60 44 52 16 99 44 0 79 32 72 93 31 83 78 60 61 27 28 44 78 59 36 15 94 97 97 72 31 64 11 87 34 12 57 19 44 73 93 61 98 19 64 83 59 97 17 97 60 23 90 37 27 55 26 27 76 36 50 60 25 45 93
97 44 30 37 35 42 26 26 45 77 99 28 72 85 69 49 15 11 67 63 17 93 18 44 23 23 78 78 24 61 43 79 41 85 10 94 75 18 75 23 96 47 43 87 79 0 22 85 78 27 86 22 61 40 49 30 62 75 81 11 71 55 94 27 75 95 18 16 35 75 64 41 68 80 80 78 70 25 11 64 12 89 28 93 97 99 95 42 15 62 21 52 57 11 34 91 42 71 93 56
28 87 82 98 84 12 79 31 11 81 30 62 57 38 24 31 57 30 36 81 68 64 41 98 44 35 83 40 97 36 11 88 59 17 64 88 60 32 35 35 54 22 51 69 32 22 0 24 78 31 45 76 56 65 52 77 58 13 60 64 29 26 47 97 63 64 29 65 37 44 87 46 58 38 44 86 85 30 83 15 15 15 11 73 17 68 51 38 84 81 70 34 18 43 52 47 73 53 70 77
63 17 54 92 50 76 93 71 85 77 55 19 51 90 69 54 40 41 11 38 46 40 36 27 44 64 51 87 89 71 41 23 53 94 18 56 91 50 20 94 61 76 69 73 72 85 24 0 15 37 13 40 58 90 55 15 22 20 78 40 87 41 78 72 14 20 48 93 61 64 73 59 21 17 75 95 36 63 19 72 85 55 37 66 93 70 81 92 78 40 36 54 67 31 55 71 72 27 32 67
69 69 32 73 22 96 60 38 16 20 23 71 16 20 63 25 50 27 49 16 57 26 73 83 16 22 44 37 62 94 51 57 14 48 18 70 20 52 43 26 20 88 91 25 93 78 78 15 0 75 98 25 93 35 20 24 21 86 31 53 84 85 98 36 81 58 71 36 19 38 88 63 31 86 60 14 83 95 73 41 87 53 46 71 36 30 99 59 71 18 90 15 44 10 29 94 99 16 16 45
59 81 89 81 67 53 23 98 92 50 34 28 12 12 71 10 12 93 35 24 59 22 87 19 65 24 91 10 10 67 47 69 98 27 38 64 90 10 51 80 78 24 91 63 31 27 31 37 75 0 67 31 95 60 26 27 20 79 60 13 46 91 51 62 16 96 28 37 99 85 31 34 60 86 82 10 95 81 89 34 29 99 95 35 33 14 24 45 99 48 66 62 31 98 53 90 85 96 15 78
38 13 19 33 52 12 49 29 81 37 93 68 31 85 89 33 32 98 23 83 70 69 43 52 15 46 48 86 64 59 77 22 83 64 98 20 37 95 97 42 47 47 53 37 83 86 45 13 98 67 0 43 23 14 42 29 87 60 59 74 24 63 43 65 95 44 73 66 42 61 50 74 87 74 52 36 26 15 79 58 72 32 30 10 16 21 30 23 25 56 26 89 29 46 45 49 37 47 61 81
32 13 75 56 51 46 49 47 78 37 45 79 75 29 19 27 54 58 61 22 74 24 15 44 28 97 43 82 91 57 89 90 64 93 97 66 72 75 99 35 75 24 67 48 78 22 76 40 25 31 43 0 82 30 14 17 73 75 96 79 96 24 36 69 19 72 69 17 40 30 82 85 21 54 55 58 39 78 47 15 68 35 28 51 33 87 27 39 52 57 81 48 60 88 77 66 98 27 87 86
60 22 19 82 55 90 50 56 37 45 32 60 19 83 79 48 24 36 47 94 37 67 53 39 77 70 25 28 28 51 75 24 27 52 65 53 66 49 99 26 26 55 17 62 60 61 56 58 93 95 23 82 0 30 34 18 67 88 21 19 56 89 55 25 50 79 34 21 57 22 76 66 72 44 82 78 12 15 19 44 97 57 31 68 88 43 32 89 44 46 45 92 16 33 17 34 75 64 58 43
84 94 66 86 39 67 76 90 57 89 76 97 92 16 84 56 33 17 93 36 97 25 26 16 22 95 46 73 40 27 73 65 24 32 78 83 45 40 76 25 67 70 65 69 61 40 65 90 35 60 14 30 30 0 65 55 89 61 61 87 33 57 24 46 48 62 51 97 71 88 40 20 65 58 16 12 30 73 16 62 61 32 86 45 86 62 55 15 99 68 13 43 99 94 88 22 82 29 38 60
95 73 73 96 83 45 31 94 30 63 83 57 69 77 10 63 41 43 34 91 38 43 37 43 34 10 43 17 96 73 47 21 96 89 85 60 15 64 35 13 99 31 89 49 27 49 52 55 20 26 42 14 34 65 0 60 98 80 41 49 48 94 45 72 56 84 33 82 53 18 20 78 26 68 68 10 27 45 92 85 80 80 97 52 66 38 38 26 15 13 64 88 34 13 55 88 34 31 10 44
46 39 37 59 43 83 40 30 82 33 56 32 26 51 96 63 69 64 48 44 37 60 95 95 48 10 60 28 26 80 37 87 42 87 54 86 70 49 40 42 37 85 30 70 28 30 77 15 24 27 29 17 18 55 60 0 30 72 47 28 74 88 13 74 21 97 34 57 47 76 62 70 79 84 17 56 88 90 87 76 61 55 36 42 61 13 71 96 40 12 62 23 99 20 30 22 92 89 77 49
79 63 57 25 47 25 63 78 71 77 19 35 53 63 63 50 38 45 69 11 33 29 55 93 13 96 28 34 80 38 26 41 53 33 51 53 73 54 58 63 92 69 53 64 44 62 58 22 21 20 87 73 67 89 98 30 0 93 19 94 66 92 24 96 90 54 63 37 94 46 39 80 39 35 17 17 38 82 27 99 40 81 49 76 29 11 57 75 80 39 98 44 32 46 77 29 37 81 45 48
22 46 40 10 20 54 22 36 30 66 47 65 46 26 30 26 29 11 89 48 66 13 31 91 33 78 26 11 64 38 52 41 69 87 34 81 46 52 30 54 95 14 95 24 78 75 13 20 86 79 60 75 88 61 80 72 93 0 86 86 70 79 98 32 55 43 44 14 47 83 42 59 61 15 87 97 47 45 75 90 96 21 42 15 56 98 74 51 84 26 11 98 81 88 58 10 36 31 94 95
26 19 79 65 94 15 45 68 63 59 93 72 87 80 39 80 81 76 83 28 30 18 95 41 24 59 97 18 37 90 95 10 30 25 87 52 85 63 92 56 20 60 54 82 59 81 60 78 31 60 59 96 21 61 41 47 19 86 0 35 20 67 99 26 15 67 55 46 94 14 34 92 51 52 40 94 41 43 52 36 71 46 27 11 75 28 93 58 33 14 15 86 53 44 66 14 54 35 60 36
15 39 70 53 43 96 21 64 54 39 31 44 22 71 92 35 30 92 76 65 79 65 85 33 42 60 54 90 80 56 46 72 30 25 86 78 79 59 42 71 67 43 21 56 36 11 64 40 53 13 74 79 19 87 49 28 94 86 35 0 44 35 71 49 98 38 69 56 54 67 28 79 35 10 60 68 37 77 32 81 45 52 71 99 37 14 89 67 50 90 99 25 49 46 11 97 96 29 28 60
98 36 34 39 14 41 71 22 27 70 95 43 71 25 32 78 97 61 46 67 92 46 18 47 99 20 98 98 55 15 86 17 78 62 75 22 88 99 29 56 31 76 33 87 15 71 29 87 84 46 24 96 56 33 48 74 66 70 20 44 0 92 50 14 76 46 23 12 16 61 56 28 47 79 76 84 50 85 41 24 63 64 65 97 70 68 84 79 13 30 93 78 83 62 14 49 41 21 89 21
35 20 13 35 37 37 49 48 66 82 39 97 24 67 45 74 71 53 32 32 10 67 23 32 43 48 40 69 50 29 90 71 83 63 72 93 48 71 80 44 14 44 79 84 94 55 26 41 85 91 63 24 89 57 94 88 92 79 67 35 92 0 76 49 27 38 46 58 99 46 42 52 76 37 22 37 53 75 76 47 45 11 52 29 55 67 46 66 37 86 39 23 87 80 99 33 81 38 48 88
40 14 13 34 14 52 96 52 12 86 38 97 33 11 97 21 81 71 82 29 90 74 49 94 50 96 39 53 28 20 58 17 19 40 55 17 31 99 29 75 86 79 50 30 97 94 47 78 98 51 43 36 55 24 45 13 24 98 99 71 50 76 0 51 24 93 70 11 68 24 96 20 61 50 94 75 15 88 78 41 57 80 91 44 65 80 10 35 15 97 75 99 14 52 39 20 71 33 27 67
26 15 60 38 26 99 29 13 77 80 97 30 80 60 54 92 83 39 20 95 18 85 54 16 45 35 30 75 26 64 77 94 14 28 29 61 66 71 10 42 80 24 71 49 97 27 97 72 36 62 65 69 25 46 72 74 96 32 26 49 14 49 51 0 45 46 13 72 21 42 89 18 86 55 89 83 76 31 16 97 11 60 63 79 73 70 10 44 73 59 15 32 23 82 80 58 24 19 77 90
95 86 45 77 96 11 16 24 95 90 31 57 15 61 41 62 93 92 49 67 80 88 82 96 17 60 36 55 84 22 97 88 64 37 26 10 22 93 75 58 53 23 66 14 72 75 63 14 81 16 95 19 50 48 56 21 90 55 15 98 76 27 24 45 0 57 49 28 21 93 68 65 34 40 13 48 49 72 32 14 26 57 24 92 54 71 82 15 74 11 41 29 49 75 65 90 96 99 64 58
53 20 24 95 99 23 54 81 93 96 71 41 53 91 17 61 33 64 62 98 97 60 64 22 32 85 69 61 46 83 58 90 35 60 97 78 86 38 90 81 78 72 39 17 31 95 64 20 58 96 44 72 79 62 84 97 54 43 67 38 46 38 93 46 57 0 63 48 43 82 35 92 69 49 53 67 96 96 48 89 75 16 53 70 86 17 94 42 50 76 67 57 32 31 56 84 42 93 60 81
38 68 15 96 85 80 91 44 80 54 84 13 96 67 62 82 32 35 79 41 57 59 49 55 77 77 62 39 52 61 78 50 25 76 27 47 12 58 60 25 54 41 65 67 64 18 29 48 71 28 73 69 34 51 33 34 63 44 55 69 23 46 70 13 49 63 0 28 70 92 83 90 24 16 21 41 96 72 48 25 18 37 88 75 67 73 47 45 96 63 97 99 52 29 90 63 38 65 24 96
21 75 58 61 52 70 38 24 36 61 90 67 28 53 23 19 56 32 70 38 69 45 35 94 65 89 38 70 39 49 75 64 39 23 51 52 88 62 96 46 42 59 45 53 11 16 65 93 36 37 66 17 21 97 82 57 37 14 46 56 12 58 11 72 28 48 28 0 45 53 70 37 26 63 64 63 36 89 22 74 15 65 68 56 44 52 57 24 54 16 88 83 93 63 14 42 70 57 83 25
35 90 92 69 29 13 97 57 91 25 78 83 17 24 56 18 54 86 12 92 10 15 57 61 14 28 71 21 89 25 75 73 81 94 27 86 24 49 47 12 90 38 32 72 87 35 37 61 19 99 42 40 57 71 53 47 94 47 94 54 16 99 68 21 21 43 70 45 0 75 56 33 28 84 31 95 99 44 46 94 11 23 20 95 73 86 74 85 67 55 56 95 27 30 70 37 10 40 24 17
13 40 72 52 26 93 53 85 75 76 22 30 65 92 51 39 76 21 74 14 23 19 41 17 26 93 61 38 66 38 65 33 20 11 58 21 19 55 32 16 61 43 57 88 34 75 44 64 38 85 61 30 22 88 18 76 46 83 14 67 61 46 24 42 93 82 92 53 75 0 18 49 92 52 44 74 58 23 59 65 49 26 10 76 76 89 87 71 51 88 72 86 56 46 94 64 65 22 58 69
74 36 50 49 30 18 84 25 94 89 44 79 21 61 34 84 12 82 74 38 68 63 31 94 79 64 41 27 10 15 94 57 72 89 78 21 69 65 92 95 76 73 93 96 12 64 87 73 88 31 50 82 76 40 20 62 39 42 34 28 56 42 96 89 68 35 83 70 56 18 0 96 88 13 39 81 71 17 43 95 28 37 52 26 53 57 27 64 95 23 94 52 75 65 15 15 50 70 82 62
21 90 73 26 76 91 93 98 76 58 55 75 37 74 29 10 48 12 88 87 49 62 54 72 33 87 90 62 31 10 77 50 39 44 65 44 26 54 86 59 69 25 69 73 57 41 46 59 63 34 74 85 66 20 78 70 80 59 92 79 28 52 20 18 65 92 90 37 33 49 96 0 90 19 10 20 38 45 74 87 72 17 74 19 24 54 83 49 17 42 60 67 30 23 70 77 74 54 16 27
33 27 54 89 28 77 21 90 10 34 49 82 21 67 22 19 45 47 23 75 29 51 31 36 49 93 11 59 84 25 30 31 14 35 23 88 44 22 92 91 15 13 68 12 19 68 58 21 31 60 87 21 72 65 26 79 39 61 51 35 47 76 61 86 34 69 24 26 28 92 88 90 0 83 39 96 60 68 52 60 60 69 68 30 69 47 37 76 71 91 27 20 88 21 34 36 21 52 26 14
55 20 54 99 78 94 84 68 98 33 44 81 20 33 88 12 96 47 36 13 85 23 84 52 66 14 15 40 79 12 20 53 68 45 68 93 47 98 40 93 90 18 11 77 44 80 38 17 86 86 74 54 44 58 68 84 35 15 52 10 79 37 50 55 40 49 16 63 84 52 13 19 83 0 27 87 46 98 55 88 59 14 48 43 69 34 29 75 46 70 88 70 31 56 35 39 55 95 93 59
23 75 22 57 42 77 39 24 15 96 69 12 86 59 41 61 29 48 31 98 11 77 79 14 85 50 83 17 45 14 97 59 82 33 23 22 37 92 90 98 69 78 80 65 73 80 44 75 60 82 52 55 82 16 68 17 17 87 40 60 76 22 94 89 13 53 21 64 31 44 39 10 39 27 0 95 64 74 74 13 79 24 62 21 86 97 13 30 64 61 30 58 42 49 15 96 94 74 57 67
67 86 42 56 40 90 38 64 10 56 87 73 84 16 19 22 34 14 58 53 97 76 92 78 90 43 28 35 40 84 26 30 52 38 75 35 11 63 23 63 64 40 63 33 93 78 86 95 14 10 36 58 78 12 10 56 17 97 94 68 84 37 75 83 48 67 41 63 95 74 81 20 96 87 95 0 42 84 81 21 30 47 76 60 87 58 85 61 58 28 41 77 98 14 38 32 34 82 81 94
78 85 33 61 94 62 58 69 87 89 83 68 68 84 50 93 61 27 48 70 92 93 77 71 88 19 30 35 62 32 12 38 70 15 12 26 66 57 83 72 17 40 11 48 61 70 85 36 83 95 26 39 12 30 27 88 38 47 41 37 50 53 15 76 49 96 96 36 99 58 71 38 60 46 64 42 0 38 61 74 80 85 16 10 30 99 76 38 68 34 20 14 35 48 68 75 98 39 12 66
75 75 32 77 27 64 43 54 52 27 27 63 45 94 43 66 50 33 39 23 29 24 53 45 14 49 40 96 71 83 44 96 94 85 99 93 98 74 79 82 83 44 30 87 98 25 30 63 95 81 15 78 15 73 45 90 82 45 43 77 85 75 88 31 72 96 72 89 44 23 17 45 68 98 74 84 38 0 12 46 79 49 37 36 51 83 65 43 94 54 28 35 98 43 14 81 81 13 42 65
35 77 83 14 76 82 15 73 50 17 67 40 46 93 22 82 86 45 28 43 19 20 18 18 58 51 95 11 79 31 30 58 19 49 56 34 85 48 83 37 20 97 75 15 19 11 83 19 73 89 79 47 19 16 92 87 27 75 52 32 41 76 78 16 32 48 48 22 46 59 43 74 52 55 74 81 61 12 0 70 72 94 32 36 19 40 40 40 16 67 89 72 25 91 53 31 76 61 12 13
50 66 20 78 11 65 99 56 68 18 22 24 53 13 97 96 47 77 98 20 91 46 68 22 73 21 46 25 86 15 27 61 16 14 42 50 42 30 74 86 76 98 18 82 64 64 15 72 41 34 58 15 44 62 85 76 99 90 36 81 24 47 41 97 14 89 25 74 94 65 95 87 60 88 13 21 74 46 70 0 91 42 69 68 48 93 84 60 94 17 66 92 89 67 84 16 89 26 11 71
57 90 61 35 84 26 34 20 17 69 64 75 37 18 63 42 26 72 53 49 43 19 70 84 31 30 36 71 86 90 22 96 51 88 36 55 54 44 25 82 98 53 52 13 83 12 15 85 87 29 72 68 97 61 80 61 40 96 71 45 63 45 57 11 26 75 18 15 11 49 28 72 60 59 79 30 80 79 72 91 0 23 68 32 87 38 11 37 60 17 10 76 17 28 37 67 43 27 17 69
29 44 93 24 18 66 74 37 56 21 12 76 21 23 73 96 61 70 90 43 97 60 45 90 42 28 56 64 58 38 91 24 35 88 67 31 33 81 35 85 41 51 59 42 59 89 15 55 53 99 32 35 57 32 80 55 81 21 46 52 64 11 80 60 57 16 37 65 23 26 37 17 69 14 24 47 85 49 94 42 23 0 51 77 40 68 35 63 58 58 73 68 80 73 51 34 96 59 91 87
65 65 40 21 99 10 53 66 20 59 69 13 49 72 46 34 26 69 42 33 59 21 82 99 23 51 51 73 81 74 15 24 22 17 95 34 79 97 33 13 70 65 29 62 97 28 11 37 46 95 30 28 31 86 97 36 49 42 27 71 65 52 91 63 24 53 88 68 20 10 52 74 68 48 62 76 16 37 32 69 68 51 0 61 91 93 63 91 26 63 38 73 30 99 18 19 66 82 55 64
38 98 25 97 36 91 29 70 56 93 86 41 56 75 51 96 48 53 23 17 68 53 44 42 80 76 66 72 41 10 73 21 38 72 53 85 72 23 89 57 45 14 44 83 17 93 73 66 71 35 10 51 68 45 52 42 76 15 11 99 97 29 44 79 92 70 75 56 95 76 26 19 30 43 21 60 10 36 36 68 32 77 61 0 52 87 31 90 38 29 20 90 58 19 28 51 39 90 68 17
20 33 53 99 52 65 47 21 84 77 11 73 93 48 37 59 35 24 87 60 17 54 40 61 53 56 68 97 33 53 32 25 94 94 10 29 96 16 41 41 72 77 49 94 97 97 17 93 36 33 16 33 88 86 66 61 29 56 75 37 70 55 65 73 54 86 67 44 73 76 53 24 69 69 86 87 30 51 19 48 87 40 91 52 0 61 75 72 85 84 89 92 30 53 22 57 84 14 57 54
22 67 52 71 68 74 69 17 57 52 79 39 35 97 26 25 50 21 55 56 22 64 40 98 36 97 28 85 24 50 50 44 24 74 34 10 36 67 66 50 85 39 50 96 60 99 68 70 30 14 21 87 43 62 38 13 11 98 28 14 68 67 80 70 71 17 73 52 86 89 57 54 47 34 97 58 99 83 40 93 38 68 93 87 61 0 83 93 37 84 88 77 39 97 75 70 44 71 29 70
11 10 99 36 33 58 45 55 24 95 64 20 82 11 49 57 94 75 62 16 27 48 30 61 25 90 83 28 50 28 73 97 60 59 62 41 29 66 58 34 63 67 82 98 23 95 51 81 99 24 30 27 32 55 38 71 57 74 93 89 84 46 10 10 82 94 47 57 74 87 27 83 37 29 13 85 76 65 40 84 11 35 63 31 75 83 0 76 11 46 93 17 99 77 66 27 55 48 27 59
66 27 89 52 68 90 32 33 75 74 80 17 61 13 28 80 50 40 23 65 59 38 30 66 48 66 86 32 11 33 80 80 85 44 72 65 70 36 83 75 50 85 34 54 90 42 38 92 59 45 23 39 89 15 26 96 75 51 58 67 79 66 35 44 15 42 45 24 85 71 64 49 76 75 30 61 38 43 40 60 37 63 91 90 72 93 76 0 27 62 34 96 84 25 89 39 97 78 50 59
86 58 87 28 98 13 65 36 70 30 64 37 57 39 30 92 87 50 38 76 87 12 86 59 67 55 93 70 84 97 83 22 84 18 40 66 11 95 17 49 79 47 46 58 37 15 84 78 71 99 25 52 44 99 15 40 80 84 33 50 13 37 15 73 74 50 96 54 67 51 95 17 71 46 64 58 68 94 16 94 60 58 26 38 85 37 11 27 0 20 54 43 72 62 37 20 53 91 85 85
56 32 81 32 41 49 33 13 23 52 88 15 75 85 17 48 94 84 66 72 85 27 25 27 57 94 12 86 94 76 48 57 20 75 16 41 73 48 88 73 11 31 78 21 27 62 81 40 18 48 56 57 46 68 13 12 39 26 14 90 30 86 97 59 11 76 63 16 55 88 23 42 91 70 61 28 34 54 67 17 17 58 63 29 84 84 46 62 20 0 27 26 48 39 28 18 33 63 20 39
96 57 34 83 71 96 90 69 16 94 42 69 70 81 73 86 29 23 19 92 79 61 50 68 88 29 82 88 15 91 38 70 99 29 98 37 59 13 45 54 74 92 20 26 55 21 70 36 90 66 26 81 45 13 64 62 98 11 15 99 93 39 75 15 41 67 97 88 56 72 94 60 27 88 30 41 20 28 89 66 10 73 38 20 89 88 93 34 54 27 0 51 38 61 73 80 10 27 18 27
80 91 89 39 13 64 20 13 49 70 10 36 22 16 78 95 69 23 46 32 78 76 22 35 91 62 13 38 75 79 83 11 42 86 12 76 66 59 30 18 61 65 87 23 26 52 34 54 15 62 89 48 92 43 88 23 44 98 86 25 78 23 99 32 29 57 99 83 95 86 52 67 20 70 58 77 14 35 72 92 76 68 73 90 92 77 17 96 43 26 51 0 10 86 86 57 83 32 80 40
75 21 17 81 27 37 23 92 93 73 83 79 51 91 45 57 32 95 97 56 81 50 38 22 98 20 88 82 44 38 57 89 66 59 70 18 96 76 89 63 75 50 12 30 27 57 18 67 44 31 29 60 16 99 34 99 32 81 53 49 83 87 14 23 49 32 52 93 27 56 75 30 88 31 42 98 35 98 25 89 17 80 30 58 30 39 99 84 72 48 38 10 0 88 81 52 74 86 11 71
73 96 33 91 49 30 43 94 81 28 11 50 51 18 15 66 67 59 65 62 83 96 49 56 73 63 30 87 76 28 84 32 63 31 42 94 15 85 35 86 92 58 72 26 76 11 43 31 10 98 46 88 33 94 13 20 46 88 44 46 62 80 52 82 75 31 29 63 30 46 65 23 21 56 49 14 48 43 91 67 28 73 99 19 53 97 77 25 62 39 61 86 88 0 58 72 88 20 33 19
62 94 74 84 98 97 54 67 41 74 17 55 37 10 77 87 14 76 23 59 94 55 28 97 18 40 70 22 11 40 40 90 25 14 58 96 95 27 81 57 49 65 25 40 36 34 52 55 29 53 45 77 17 88 55 30 77 58 66 11 14 99 39 80 65 56 90 14 70 94 15 70 34 35 15 38 68 14 53 84 37 51 18 28 22 75 66 89 37 28 73 86 81 58 0 19 80 38 80 24
38 45 71 28 76 34 99 36 98 46 87 80 25 17 25 44 70 75 36 65 44 30 94 82 54 45 83 45 46 22 85 45 51 65 23 10 26 82 37 38 73 80 98 60 50 91 47 71 94 90 49 66 34 22 88 22 29 10 14 97 49 33 20 58 90 84 63 42 37 64 15 77 36 39 96 32 75 81 31 16 67 34 19 51 57 70 27 39 20 18 80 57 52 72 19 0 58 32 88 37
56 25 32 89 41 11 50 24 32 27 48 16 99 30 23 80 18 36 17 65 77 66 30 24 24 97 14 62 58 16 21 30 79 38 13 39 94 24 64 90 97 21 18 39 60 42 73 72 99 85 37 98 75 82 34 92 37 36 54 96 41 81 71 24 96 42 38 70 10 65 50 74 21 55 94 34 98 81 76 89 43 96 66 39 84 44 55 97 53 33 10 83 74 88 80 58 0 46 78 20
86 74 17 50 91 36 19 17 10 45 74 12 13 91 58 67 86 32 98 64 50 34 15 69 43 49 97 32 22 10 57 14 64 46 58 42 57 51 52 69 89 93 37 28 25 71 53 27 16 96 47 27 64 29 31 89 81 31 35 29 21 38 33 19 99 93 65 57 40 22 70 54 52 95 74 82 39 13 61 26 27 59 82 90 14 71 48 78 91 63 27 32 86 20 38 32 46 0 43 47
21 99 49 77 33 26 20 28 54 85 56 25 75 88 13 34 43 26 69 79 69 38 62 22 94 48 91 67 55 42 55 87 92 41 63 37 40 74 69 71 59 63 66 56 45 93 70 32 16 15 61 87 58 38 10 77 45 94 60 28 89 48 27 77 64 60 24 83 24 58 82 16 26 93 57 81 12 42 12 11 17 91 55 68 57 29 27 50 85 20 18 80 11 33 80 88 78 43 0 60
25 88 51 65 73 14 40 96 63 63 66 52 89 15 20 56 92 32 54 71 80 65 18 18 47 64 41 82 65 99 31 70 22 40 58 21 52 65 35 66 67 49 91 19 93 56 77 67 45 78 81 86 43 60 44 49 48 95 36 60 21 88 67 90 58 81 96 25 17 69 62 27 14 59 67 94 66 65 13 71 69 87 64 17 54 70 59 59 85 39 27 40 71 19 24 37 20 47 60 0