100 100 100
680 100
899 79
770 89
925 96
82 87
220 1
217 84
95 24
515 51
80 41
836 23
858 19
882 85
230 29
106 85
722 83
537 29
636 87
8 95
255 7
694 63
447 51
447 10
112 16
494 10
664 44
754 68
190 71
598 23
810 21
679 75
825 10
289 80
60 3
585 97
240 1
764 69
184 99
794 47
720 80
896 2
293 55
824 95
722 46
29 30
981 15
648 78
288 18
568 59
964 57
756 62
497 42
51 59
388 100
376 12
391 57
548 95
710 88
344 86
344 90
640 86
583 34
708 53
669 75
731 55
413 93
490 11
851 61
538 80
498 1
463 68
894 2
447 76
324 100
287 97
455 5
721 90
488 93
617 24
512 73
751 35
989 21
997 22
114 19
8 80
783 48
202 31
564 28
587 95
881 96
901 79
863 95
266 19
395 5
521 4
978 47
881 34
786 6
852 49
233 27
33 86
68 41
78 35
63 1
97 80
100 72
70 63
17 94
85 96
32 90
74 35
60 32
43 1
72 70
75 61
76 50
54 83
69 63
8 65
77 59
73 11
29 83
43 41
16 92
95 81
25 35
5 18
78 13
67 97
76 37
57 99
3 64
67 92
65 80
69 76
89 31
20 64
71 4
15 76
32 72
1 23
84 100
73 100
59 65
76 59
56 58
17 84
69 36
57 38
63 69
10 7
12 29
32 92
16 98
88 50
68 30
37 84
91 64
68 80
96 83
25 73
85 72
39 49
64 40
18 50
77 27
33 40
70 34
12 52
34 3
24 6
6 59
12 86
86 82
56 91
86 86
35 100
77 44
34 92
70 94
45 64
5 2
100 4
83 99
41 35
93 56
65 88
27 36
27 61
33 91
1 27
74 76
34 45
83 64
51 27
13 52
2 22
84 4
94 83
10 91