100
8 8 14
10 12 8
6 9 8
9 1 5
14 10 14
12 4 9
8 4 8
4 4 7
14 7 4
1 6 2
3 4 11
0 3 6
14 7 14
2 3 0
11 1 11
10 7 11
8 9 6
14 5 10
9 7 3
8 6 15
2 6 3
5 14 15
15 11 5
2 10 9
10 0 12
11 9 5
13 7 1
5 8 10
8 3 2
6 15 0
13 3 15
1 14 11
9 3 15
10 10 13
14 11 14
0 2 12
15 9 13
12 10 12
11 4 6
8 2 5
8 0 11
8 6 11
4 15 13
13 13 10
15 15 2
8 0 3
0 12 12
7 7 6
8 5 14
1 2 3
8 13 10
7 2 12
6 5 1
3 13 4
8 14 5
13 14 11
10 8 7
10 9 2
10 0 0
15 14 0
6 15 13
12 15 15
9 15 7
7 3 6
13 1 10
1 1 9
5 9 1
7 12 12
4 4 1
6 1 7
3 1 4
12 9 5
4 2 14
2 10 5
11 1 8
5 12 15
5 11 12
2 8 5
13 8 10
1 0 1
13 0 1
9 1 13
7 12 1
2 5 15
3 14 10
0 5 12
2 15 2
9 1 13
0 9 11
4 0 13
0 11 11
7 0 12
12 8 7
12 5 11
1 11 2
11 1 8
12 15 3
2 0 14
11 13 4
4 6 12