100 116
1681 1693
520 1533
2178 2262
1886 1993
1409 2071
242 1836
1592 2104
2186 2221
628 1340
2362 2478
1316 1552
1569 2264
717 873
1313 2473
1965 2000
1580 2458
2 418
569 2247
1098 1960
2243 2500
2296 2495
370 496
2276 2443
576 1024
527 717
263 1393
1616 2268
1613 2079
1086 2124
1859 1876
519 860
1924 2285
519 1494
747 1047
1473 2076
473 1607
1945 2208
1895 2089
1501 1644
2455 2478
324 480
792 929
746 2498
1073 2471
1774 1940
2445 2476
1446 1825
2063 2132
547 662
2477 2491
563 2451
904 2186
323 1231
1249 1909
1628 1732
2229 2484
1912 2037
943 1951
673 1566
779 1501
1283 1494
758 1032
2164 2354
1777 2206
1316 1619
2248 2475
2359 2382
1484 2404
886 2230
860 2047
1160 1575
1509 2028
991 2056
81 208
299 1023
1206 2106
226 1899
290 1109
2361 2461
1554 2012
2176 2194
1044 2092
1710 1957
1740 1887
2425 2486
286 1951
448 2425
2243 2341
350 536
1623 1832
1323 2395
1342 1534
1241 1840
590 1675
1841 1860
2412 2472
158 1497
2228 2491
156 2415
745 1890
1067 2028
1183 2429
1769 2061
2075 2217
260 1833
1314 2361
1863 2178
1974 2441
312 541
161 1388
1128 2016
1510 1995
271 1249
785 841
655 1428
1560 2325