500 587
1313 1548
554 1548
383 1548
164 1548
626 1548
927 1548
704 1548
473 1548
1354 1548
320 1548
704 1548
724 1548
888 1548
1275 1548
1184 1548
800 1548
257 1548
973 1548
773 1548
516 1548
434 1548
1262 1548
1065 1548
732 1548
108 1548
1358 1548
230 1548
159 1548
346 1548
140 1548
69 1548
1182 1548
584 1548
1455 1548
1426 1548
1295 1548
416 1548
812 1548
496 1548
595 1548
1090 1548
965 1548
2 1548
1042 1548
1454 1548
544 1548
1202 1548
845 1548
284 1548
252 1548
1216 1548
263 1548
188 1548
1075 1548
1023 1548
1403 1548
1057 1548
835 1548
120 1548
222 1548
1403 1548
14 1548
107 1548
786 1548
1313 1548
643 1548
126 1548
1541 1548
194 1548
996 1548
1067 1548
707 1548
119 1548
822 1548
668 1548
714 1548
103 1548
311 1548
77 1548
783 1548
391 1548
191 1548
1295 1548
488 1548
970 1548
927 1548
851 1548
139 1548
1449 1548
1487 1548
1497 1548
1242 1548
768 1548
1540 1548
1278 1548
494 1548
945 1548
405 1548
1049 1548
1537 1548
180 1548
960 1548
1301 1548
172 1548
91 1548
1528 1548
195 1548
616 1548
902 1548
535 1548
811 1548
667 1548
671 1548
476 1548
780 1548
1221 1548
451 1548
1498 1548
302 1548
86 1548
358 1548
466 1548
393 1548
392 1548
837 1548
1006 1548
1394 1548
1314 1548
26 1548
102 1548
1387 1548
759 1548
986 1548
855 1548
1126 1548
1130 1548
91 1548
968 1548
153 1548
848 1548
126 1548
757 1548
953 1548
24 1548
512 1548
1203 1548
649 1548
1042 1548
230 1548
367 1548
1386 1548
1498 1548
482 1548
791 1548
1487 1548
514 1548
514 1548
262 1548
1223 1548
612 1548
390 1548
172 1548
1482 1548
1409 1548
901 1548
760 1548
1393 1548
356 1548
866 1548
277 1548
440 1548
455 1548
837 1548
1528 1548
1104 1548
1406 1548
441 1548
118 1548
591 1548
118 1548
809 1548
669 1548
415 1548
659 1548
296 1548
247 1548
744 1548
1003 1548
23 1548
1004 1548
794 1548
336 1548
732 1548
1530 1548
810 1548
1244 1548
70 1548
744 1548
837 1548
645 1548
929 1548
1400 1548
604 1548
609 1548
733 1548
1237 1548
914 1548
860 1548
1477 1548
959 1548
1149 1548
1062 1548
343 1548
1480 1548
562 1548
1293 1548
817 1548
962 1548
165 1548
285 1548
141 1548
1538 1548
901 1548
482 1548
396 1548
1057 1548
513 1548
448 1548
156 1548
475 1548
1325 1548
141 1548
732 1548
914 1548
358 1548
478 1548
466 1548
6 1548
1500 1548
408 1548
1185 1548
844 1548
322 1548
221 1548
1388 1548
490 1548
210 1548
393 1548
985 1548
249 1548
608 1548
56 1548
1316 1548
1176 1548
1159 1548
1504 1548
198 1548
1485 1548
547 1548
487 1548
791 1548
311 1548
572 1548
302 1548
1401 1548
950 1548
728 1548
657 1548
700 1548
49 1548
21 1548
264 1548
41 1548
48 1548
511 1548
701 1548
273 1548
760 1548
1008 1548
1542 1548
199 1548
476 1548
516 1548
1515 1548
1075 1548
91 1548
777 1548
813 1548
1348 1548
1008 1548
801 1548
668 1548
659 1548
363 1548
698 1548
1302 1548
421 1548
1391 1548
977 1548
97 1548
950 1548
968 1548
773 1548
1182 1548
646 1548
104 1548
335 1548
1512 1548
1437 1548
918 1548
1450 1548
1209 1548
1272 1548
1332 1548
770 1548
1047 1548
516 1548
494 1548
1488 1548
1268 1548
1008 1548
886 1548
1532 1548
702 1548
657 1548
813 1548
1528 1548
1446 1548
970 1548
1380 1548
478 1548
993 1548
621 1548
362 1548
904 1548
679 1548
808 1548
309 1548
401 1548
703 1548
339 1548
662 1548
1181 1548
243 1548
843 1548
817 1548
1258 1548
602 1548
700 1548
440 1548
544 1548
1444 1548
99 1548
670 1548
304 1548
690 1548
271 1548
539 1548
379 1548
657 1548
1062 1548
713 1548
891 1548
595 1548
1393 1548
1448 1548
734 1548
1250 1548
1210 1548
592 1548
1512 1548
154 1548
971 1548
1520 1548
1481 1548
413 1548
395 1548
909 1548
407 1548
1131 1548
427 1548
309 1548
97 1548
1234 1548
232 1548
714 1548
919 1548
1149 1548
286 1548
865 1548
1336 1548
148 1548
623 1548
1434 1548
146 1548
182 1548
408 1548
170 1548
446 1548
1366 1548
928 1548
1373 1548
375 1548
635 1548
1003 1548
1373 1548
271 1548
692 1548
9 1548
1225 1548
168 1548
1543 1548
262 1548
623 1548
930 1548
1326 1548
355 1548
709 1548
1033 1548
499 1548
1285 1548
505 1548
1092 1548
1178 1548
920 1548
547 1548
158 1548
49 1548
670 1548
1526 1548
154 1548
910 1548
486 1548
194 1548
290 1548
270 1548
1419 1548
1204 1548
346 1548
924 1548
1021 1548
410 1548
95 1548
264 1548
810 1548
181 1548
904 1548
1154 1548
417 1548
681 1548
680 1548
1288 1548
1282 1548
1193 1548
36 1548
1003 1548
748 1548
1474 1548
995 1548
279 1548
874 1548
1512 1548
552 1548
868 1548
158 1548
1319 1548
33 1548
456 1548
674 1548
971 1548
951 1548
243 1548
1518 1548
562 1548
376 1548
615 1548
408 1548
768 1548
1341 1548
889 1548
962 1548
236 1548
229 1548
968 1548
897 1548
81 1548
376 1548
598 1548
817 1548
1139 1548
1134 1548
1215 1548
767 1548
1246 1548
353 1548
195 1548
608 1548
25 1548
646 1548
906 1548
627 1548
698 1548
1133 1548
910 1548
2 1548
907 1548
337 1548
1145 1548
1216 1548
821 1548
1354 1548
1058 1548
169 1548
369 1548
946 1548
379 1548
1342 1548
156 1548
956 1548
787 1548
278 1548
57 1548
538 1548
366 1548
1262 1548
687 1548
43 1548
839 1548
1277 1548
1480 1548
664 1548
852 1548
1290 1548
1398 1548
1061 1548
549 1548
1048 1548
46 1548
650 1548
1525 1548
453 1548
942 1548
1346 1548
363 1548
1117 1548
1546 1548
211 1548
1183 1548
1497 1548
170 1548
1359 1548
1492 1548
1102 1548
585 1548
811 1548
725 1548
1173 1548
788 1548
73 1548
75 1548
627 1548
1458 1548
131 1548
1182 1548
323 1548
647 1548
417 1548
792 1548
570 1548
1138 1548
893 1548
634 1548
650 1548
166 1548
1537 1548
1488 1548
1433 1548
1437 1548
1452 1548
322 1548
371 1548
583 1548
29 1548
771 1548
859 1548
1373 1548
511 1548