500 1378
1567 2336
2366 2434
1334 2134
989 1542
1585 2253
1634 2446
981 1956
397 1683
122 695
1030 2127
1017 2288
1186 1746
1894 2286
31 2416
1900 2291
645 686
2300 2422
1817 2265
1016 1912
289 1889
432 662
715 1612
1509 2209
1174 1579
2168 2238
1242 1756
284 1009
625 2010
1146 2312
785 2100
1759 1809
1153 2152
837 2262
1381 1825
1601 1693
2270 2334
917 1183
1900 2229
77 941
537 666
428 2466
961 2053
127 327
2240 2340
2172 2474
405 1528
282 399
850 1437
1040 1115
2083 2463
1563 2176
426 2058
288 349
1664 1753
1419 2047
1504 2000
765 1622
1918 2202
2473 2489
717 739
1003 2258
1542 1889
206 1350
779 1047
459 1470
1980 2458
1002 1842
2287 2397
2285 2442
1058 1609
1869 2495
2075 2415
1849 2317
156 2431
2331 2463
2269 2305
268 2473
1839 2399
797 1614
2363 2396
1679 2103
1676 2224
738 944
2269 2427
881 1252
1891 2075
366 1230
9 1543
1366 1714
984 1830
2187 2457
441 1386
1478 2186
2083 2133
984 1053
537 1953
1616 1849
138 1555
2057 2410
2187 2315
825 2170
1916 2117
206 1083
1315 2265
991 1552
2226 2341
1792 1948
1728 2142
1871 2072
1731 1963
1552 1620
1658 2464
1767 2067
1740 2019
1093 2096
1504 1667
2460 2467
2163 2229
84 695
1326 1441
5 239
1549 1809
2476 2479
676 2237
1600 1701
2293 2358
634 1424
53 2497
886 2042
923 2324
957 2355
1813 2111
1936 2487
1867 2355
2401 2426
429 494
688 1094
1190 2363
134 1871
1632 2101
1454 1644
189 1822
2231 2268
911 957
524 2158
1572 2452
1769 2262
1916 2007
2030 2082
624 2458
2121 2219
1209 2242
410 2254
1888 1960
2416 2470
1545 1643
2125 2191
1791 1996
1200 1768
675 832
1530 2173
1316 1727
1702 2298
1088 2204
270 1118
1839 2353
2294 2381
438 1014
1916 2177
1240 1685
1556 1846
297 1076
268 691
591 1030
1221 2488
1330 1554
686 1438
733 2290
1618 1706
1733 2457
729 1381
1245 1930
1310 1340
413 1788
1721 1825
1876 2076
1996 2441
412 1894
1450 2282
52 1180
1000 1157
842 1979
2159 2231
2497 2499
2216 2435
736 1042
2089 2158
1503 2271
1010 2458
2151 2376
341 2378
908 1392
386 1278
1073 2185
334 1411
1500 2482
534 807
2457 2468
863 2374
1285 1480
2081 2224
1144 1779
230 595
1391 1858
501 752
2346 2448
144 1370
1031 1663
117 878
2168 2459
2457 2481
1753 2023
1313 1868
879 1714
1386 1652
746 827
2382 2387
1973 2305
878 1788
657 1573
978 2027
895 2155
1364 1976
795 1092
431 2311
224 2349
2411 2429
58 623
665 855
1716 2154
1278 2399
282 319
2034 2086
1792 2217
1287 1982
753 1016
1143 1486
1608 2209
1191 1820
2490 2492
2292 2399
1384 1738
2499 2500
2277 2451
1313 2487
638 898
1944 2046
1072 1465
2002 2183
1714 1874
1761 2005
1451 2200
879 1837
2333 2426
354 2324
2138 2263
1223 1645
865 1308
408 811
1306 1319
304 453
1605 1653
1587 2417
660 1289
598 724
1588 2227
2186 2374
1386 2181
1712 1769
988 1826
896 1191
2432 2488
1493 2233
2163 2419
119 1895
1666 1927
625 1240
749 809
420 2023
2202 2473
1470 2284
366 2264
2294 2358
426 2366
2365 2471
1527 1922
1207 1585
834 840
1273 1962
2254 2298
1376 2212
1734 2026
755 1181
573 2212
1927 2363
2242 2382
767 1032
1324 2093
2193 2213
2154 2191
792 2219
2185 2294
1642 2260
587 604
382 1494
772 1714
708 2145
579 1515
462 1215
966 1120
1248 1267
555 1966
1620 2267
79 830
837 2405
1713 1841
2027 2482
1055 1569
2393 2431
1610 1675
490 517
1686 2448
749 2110
1460 2320
2298 2380
2236 2440
449 2283
1895 2381
287 941
404 1106
509 1918
1418 1442
1269 1515
1731 2394
2409 2447
1245 1320
1985 2142
1666 1755
2352 2452
291 464
1713 2269
2134 2336
508 1208
1895 2147
528 1171
1794 1933
639 1318
1783 1881
1119 1482
429 1535
515 1548
1632 2381
282 508
1236 1283
261 447
1709 2140
730 817
2156 2497
596 738
274 1557
924 1002
2274 2342
1077 1852
2496 2499
1998 2400
1497 2330
1062 1571
354 1044
153 365
1299 2158
445 827
2197 2299
2352 2410
1783 2283
1530 1981
1849 2368
1008 1882
2428 2455
132 2010
2139 2285
982 1633
176 475
1548 2030
51 1440
1891 2048
424 503
2105 2160
75 2277
2237 2380
533 1981
1046 1966
407 720
1669 2058
15 2224
2494 2495
969 1058
1534 1975
1834 1916
1601 2342
1227 1671
841 892
392 685
2464 2475
111 1696
1157 2329
1050 2331
1629 1825
2485 2493
738 2430
390 1280
1807 1836
682 1387
1772 1857
1924 2253
413 2257
908 1833
1306 2199
2028 2292
43 1995
2086 2193
926 1771
96 2064
2362 2472
138 1602
1744 2002
1427 2460
867 2360
1093 2258
1581 1941
781 1889
725 2464
1447 2094
1764 2142
98 1795
1132 2215
397 1348
691 1767
2333 2389
1384 1681
2242 2326
1549 2494
828 1506
1852 2321
2308 2358
619 2071
1312 1872
2135 2309
1559 2087
700 1196
549 1146
1634 2427
636 1373
66 340
1843 2117
810 1864
121 1513
1369 1479
519 2253
2182 2385
1463 1794
1441 1504
1407 2356
2127 2213
253 1491
2244 2338
887 1402
889 2060
2402 2458
870 2109
1721 2018
925 1734
1169 1594
1930 2231
1223 1455
1276 1581
1928 1945
457 828
89 168
2041 2208
371 1256
2113 2331
289 640
1044 1308
2495 2496
1349 1413
2160 2276
440 600
209 685
1743 2000
1163 2100
911 2273
271 959
293 2484
174 2420
1756 2250
1382 1553
298 1112
2305 2344
280 318
668 2027
1034 1450
1874 1998
693 2105
1139 1495
98 861
1704 2239
2230 2413
2321 2439
1121 2178
1697 2418
985 2091
613 1586
1116 1735
656 2213
992 2064
1715 2170
1927 2189
1312 1751
1041 1451
190 1651
1588 1680
1209 1241
254 371
1286 2429
1384 2383
1016 1201
1571 1654
1975 2053
722 1694
2208 2268
2205 2433
1549 2081
1731 1874
191 1688
799 2383
1144 1306
1845 1905
139 379
2167 2311
1113 2443
627 1135
1023 1668
246 1131
1456 2418
344 836
2119 2233
1537 2449
2187 2399
841 2141
1803 2495
2418 2456
89 2335
1387 1883
1947 2046
1044 1563
1947 2000
1058 1296
289 2203
776 1263
448 1042
1496 2055
1167 1830
728 1472
1294 1399
1291 2112
122 126
1129 2070
532 1699
2417 2482
468 2484
690 2169
2159 2271
1053 1144
358 1956
706 1832
1816 2273
575 1215
365 906
1735 2107
2328 2364
2188 2302
1016 1994
1771 2090
1688 1885
1655 2446
1651 2379
2381 2465
1213 2490
427 824
2272 2363
1080 1930
1004 2061
516 1797
1773 1788
880 1092
2341 2394
229 995
210 581
1976 2213
2272 2492
2037 2415
1280 1337
2350 2496
1743 1951
861 1847
1364 1393
45 978
1645 1930
1409 2420
362 1109
618 1683
2118 2364
1512 2200
450 2286
170 2277
954 1488
302 568
2393 2481
1581 2309
889 931
325 1277
1593 1607
2337 2476
861 1062
445 2206
1105 2105
72 1277
1666 1899
2347 2401
2199 2294
83 246
641 2105
912 2064
163 2007
2437 2479
33 2169
846 883
321 1336
20 1808
2128 2371
155 1543
1837 2111
1242 2053
2066 2347
1647 1950
2063 2170
1774 1783
2107 2482
1355 2481
2401 2438
706 1451
2178 2458
2442 2457
748 1889
278 1290
1522 2033
589 1809
1207 1895
956 2403
1579 2390
60 1839
1276 2314
2266 2474
2220 2490
1560 1776
1409 2043
1696 2121
815 2251
1719 1800
53 487
1071 1328
27 2085
824 831
392 845
734 1848
1870 1952
1106 1111
1553 2184
2460 2483
121 470
374 2258
13 1172
2439 2483
22 376
1964 2062
1864 2054
2479 2480
834 1970
1910 2446
1440 2458
66 2113
1701 2126
691 2375
366 1232
304 2355
1291 1692
937 2385
1923 2280
1420 1557
1850 2331
1546 1623
2184 2279
2321 2399
2198 2451
27 1743
234 578
1797 1956
1645 1772
860 1358
513 2325
229 958
563 1288
2036 2195
16 336
1793 1892
2465 2485
761 1144
272 2462
2 555
1668 2411
801 947
1826 2355
808 2323
560 2420
1056 1384
295 2163
1319 2092
582 1127
671 2193
1008 2095
1031 2043
251 2387
1958 2154
800 2050
1435 2380
230 2321
2308 2408
1455 1584
305 1056
348 1285
720 1738
119 1238
1494 2496
799 1446
1307 1785
1858 1999
1779 1911
2127 2198
1096 2217
276 2027
2168 2258
1490 2127
810 831
1295 1915
520 881
443 581
2045 2488
1511 1853
2432 2471
1204 1389
1147 2003
996 1837
453 1956
70 259
1090 1731
1162 2236
173 1955
1907 2471
2449 2497
1082 2101
2170 2304
2388 2413
558 2234
1352 1506
144 304
1288 2483
1121 1686
309 1477
1219 1615
775 1062
2379 2429
1636 2062
2458 2473
1032 1394
589 836
99 2118
242 2300
582 2034
2324 2446
1082 2101
761 1571
2210 2414
1348 1684
124 304
2329 2372
2422 2443
683 1144
1291 1561
1354 2242
2308 2447
669 2134
462 1124
110 511
2196 2311
1732 1817
963 2369
1374 2207
1271 1571
1767 2043
716 735
791 2455
2223 2331
1597 1982
1207 1825
122 405
2129 2344
290 1220
2407 2469
1712 2251
1071 2064
247 524
1164 2353
1247 1964
2064 2392
1208 1326
1733 2369
2406 2460
1804 1924
42 345
2416 2437
854 2449
1359 1546
2029 2295
1798 2109
1499 2089
722 1502
1403 2265
1158 1188
1852 2439
149 1948
910 954
1486 1547
664 1725
1300 2049
2365 2422
669 2447
1925 2167
979 2280
1183 1201
2442 2470
1247 1394
164 2374
2182 2461
1258 2415
1386 1578
661 2411
929 2110
774 853
987 2232
0 1954
885 1563
1607 2060
394 790
128 1264
1593 1798
2085 2333
539 2474
1315 1968
401 1970
897 1182
2006 2408
24 716
2408 2451
2421 2450
1782 2442
271 690
1356 1775
1780 2019
2200 2484
337 1572
1540 2390
2456 2466
200 1529
2375 2386
136 432
2162 2407
1596 2243
1951 2495
629 1863
1047 2166
1548 2282
1548 2035
1835 2080
684 1266
2027 2248
1657 2220
1307 1730
1640 2075
1933 2035
737 1453
186 300
1164 1718
944 1685
1654 1783
1660 1797
2428 2488
1546 1692
2284 2447
1693 1759
503 2017
1565 2343
1564 2045
2275 2351
2023 2377
1581 1742
112 299
2434 2496
269 2153
740 929
236 1606
1697 2267
1034 1642
1369 2215
1046 1458
913 1050
1282 1793
817 1096
460 1962
194 1757
1753 2155
805 1236
2302 2309
2161 2208
1520 1898
1518 2062
2198 2219
883 1040
2214 2437
1137 2481
354 1366
1730 2328
107 384
1866 2069
1443 1471
2290 2346
1114 2060
358 1506
1555 2173
630 1681
1103 1683
974 1379
1431 1965
930 1295
1166 2132
267 1283
514 1741
1048 2184
2031 2419
435 1470
1008 2224
781 2195
1742 1957
1933 2202
1875 2259
1898 1994
2012 2477
1229 1531
636 1397
1839 2201
1530 2255
1728 2068
2433 2466
199 1635
1589 2184
813 1773
437 2164
663 1846
1277 1513
761 1273
2297 2420
380 793
1269 1330
850 2283
1155 1245
62 2250
2163 2352
755 2425
1472 1667
1019 2399
1372 2298
1132 2312
1728 2054
1196 1685
933 1598
5 1847
1419 1516
184 1453
1370 1391
856 1271
1786 1855
2157 2391
587 2273
2222 2448
1598 2061
910 1286
2098 2475
801 2354
1886 2351
581 1508
2369 2478
762 1461
688 718
2403 2425
1166 1405
1499 2113
795 2088
2411 2460
1407 1757
972 987
593 1453
1044 1611
210 2274
1255 1930
1361 1452
171 1280
708 1722
986 1547
166 949
1546 1877
1256 1428
299 2026
2043 2102
1305 1779
1835 2096
655 2308
268 2000
733 1829
1850 1866
1489 2197
1486 2043
406 448
1069 2213
594 953
1723 2448
1551 2148
386 2245
1523 1703
1495 1605
1278 1937
1569 2484
2010 2271
631 1374
57 2471
359 2392
442 2459
1398 1601
86 749
694 2432
1148 1916
1588 1726
2275 2364
930 2007
471 2244
1259 1615
248 587
445 2197
789 2364
1328 2449
1701 1811
2030 2330
1369 1677
2151 2344
981 1304
1033 2055
1408 2021
2026 2474
558 1057
2283 2461
2216 2479
144 978
1451 2191
1878 2125
51 1851
1220 1613
2202 2239
736 1088
1198 1849
417 2390
1680 2318
526 1633
387 2488
541 609
1695 2195
708 1080
51 444
1694 1734
2158 2393
447 1381
1120 1233
1308 1669
2429 2488
1271 1394
2253 2389
2242 2400
1553 1600
1024 1893
1990 2352
1697 2128
1455 1705
1882 2174
465 632
101 2176
783 899
204 717
2142 2324
1754 2398
1872 2374
1930 1982
1883 2109
2038 2102
2157 2357
965 2347
1591 2288
1230 2395
991 2273
683 1761
1062 1124
548 733
8 2457
2355 2438
740 989
1945 2389
979 2083
1501 1507
2218 2244
461 1468
209 707
1320 1562
1795 1808
1705 1861
189 1644
1301 2243
444 1956
2324 2416
1363 2222
2348 2441
435 1427
2200 2345
446 871
1282 1770
2409 2420
1816 2169
463 968
478 1476
1833 2113
86 1649
2199 2314
1445 1671
1919 2022
1226 2345
1289 2449
717 972
2270 2443
576 1590
1480 1537
1532 2037
2077 2169
2100 2410
937 2353
2075 2265
2418 2432
656 2252
523 644
31 1804
686 2177
2256 2317
1689 1948
162 2048
2254 2485
2238 2480
111 947
1385 2334
1351 2377
0 923
1219 1996
933 2242
2356 2468
1313 2107
507 1253
1527 1679
1438 2359
2270 2277
2061 2439
2085 2315
1975 2020
1116 2499
1010 1642
1770 2088
1330 1574
291 2292
2046 2309
1679 2195
804 929
288 386
1641 1973
1097 2410
1515 1902
824 2471
168 1663
873 1775
2189 2480
159 600
862 2060
1385 1760
1455 2235
976 2401
2253 2333
1543 2276
850 1253
481 2013
2140 2205
513 1797
1935 2182
1166 2486
1593 1629
205 2191
636 2377
1089 1370
497 2471
2476 2488
2434 2494
1623 2257
2121 2160
263 298
2396 2461
1619 1678
1734 1880
964 1471
1162 2164
778 888
1617 2213
1726 1880
180 2311
2334 2395
2410 2438
1534 2043
530 1719
1745 2117
1742 1801
781 2135
377 1892
893 2148
1529 1721
1888 2217
193 690
1576 2268
1693 2042
1783 2352
888 1154
1319 2264
2118 2219
1065 1857
1430 1536
2221 2268
1711 2164
1139 1595
1478 2141
1619 2155
1901 2086
2254 2296
734 1511
927 1294
1117 2141
1933 2374
1921 2183
2153 2400
1197 2428
879 1627
1852 1895
288 2026
230 1597
1585 2117
1121 2436
2415 2448
967 1428
648 1389
1554 2428
1388 1443
2162 2285
1405 1603
1122 1878
1388 2439
2359 2455
1030 2167
1197 2221
1581 2016
352 2498
238 2269
1129 1284
47 1287
2334 2428
436 1767
751 1937
774 2481
1451 1719
222 1969
343 1334
340 987
1218 1659
695 2452
1332 2286
1253 1839
1777 1865
2456 2470
554 1257
2401 2479
286 1852
1688 1844
1785 2037
479 1423
2427 2474
1893 1918
894 1863
713 1440
1499 1927
2276 2340
842 2296
1425 2359
2421 2423
1806 2486
1581 2423
1966 2216
512 2332
541 1292
2317 2498
681 1276
81 88
1081 1320
2284 2479
1297 1764
1166 1788
558 1279
2104 2272
1560 2324
2057 2090
466 972
26 2028
1258 1682
1722 2386
1916 2165
122 606
53 986
647 1550
1371 2086
427 2106
1494 1719
1383 2301
2410 2440
234 583
1795 1886
44 197
2116 2144
1766 2306
749 856
1151 1809
489 865
104 1691
2426 2446