250 272
158 1124
1063 1124
358 1124
309 1124
658 1124
508 1124
510 1124
327 1124
738 1124
976 1124
547 1124
637 1124
266 1124
661 1124
637 1124
666 1124
366 1124
145 1124
656 1124
967 1124
23 1124
1107 1124
872 1124
668 1124
102 1124
557 1124
990 1124
11 1124
442 1124
37 1124
494 1124
181 1124
814 1124
110 1124
132 1124
291 1124
855 1124
774 1124
748 1124
594 1124
1117 1124
998 1124
299 1124
941 1124
707 1124
119 1124
807 1124
549 1124
740 1124
178 1124
954 1124
272 1124
297 1124
795 1124
741 1124
710 1124
167 1124
590 1124
239 1124
597 1124
865 1124
556 1124
1016 1124
518 1124
289 1124
456 1124
700 1124
117 1124
553 1124
149 1124
663 1124
311 1124
243 1124
261 1124
613 1124
831 1124
736 1124
351 1124
749 1124
6 1124
1022 1124
722 1124
432 1124
756 1124
20 1124
822 1124
375 1124
378 1124
449 1124
445 1124
988 1124
364 1124
815 1124
705 1124
908 1124
239 1124
1100 1124
654 1124
775 1124
585 1124
650 1124
26 1124
427 1124
119 1124
53 1124
1022 1124
390 1124
779 1124
944 1124
147 1124
32 1124
1012 1124
35 1124
1060 1124
35 1124
1026 1124
1091 1124
305 1124
1096 1124
361 1124
878 1124
549 1124
470 1124
747 1124
1074 1124
36 1124
719 1124
249 1124
176 1124
265 1124
612 1124
226 1124
799 1124
776 1124
839 1124
183 1124
56 1124
31 1124
1054 1124
697 1124
569 1124
859 1124
614 1124
1002 1124
796 1124
580 1124
649 1124
594 1124
1011 1124
811 1124
728 1124
151 1124
521 1124
1072 1124
194 1124
352 1124
268 1124
986 1124
867 1124
864 1124
1079 1124
856 1124
247 1124
110 1124
911 1124
537 1124
383 1124
645 1124
235 1124
665 1124
695 1124
375 1124
384 1124
446 1124
531 1124
278 1124
460 1124
1017 1124
561 1124
795 1124
974 1124
1079 1124
520 1124
272 1124
94 1124
713 1124
991 1124
811 1124
548 1124
327 1124
329 1124
265 1124
875 1124
725 1124
925 1124
177 1124
815 1124
68 1124
331 1124
113 1124
1000 1124
87 1124
898 1124
229 1124
1102 1124
183 1124
1025 1124
647 1124
435 1124
393 1124
13 1124
1040 1124
245 1124
145 1124
259 1124
415 1124
266 1124
7 1124
108 1124
1116 1124
385 1124
880 1124
34 1124
1084 1124
433 1124
628 1124
35 1124
946 1124
312 1124
601 1124
798 1124
1072 1124
514 1124
103 1124
807 1124
984 1124
208 1124
561 1124
74 1124
307 1124
555 1124
845 1124
743 1124
995 1124
899 1124
261 1124
368 1124
595 1124
50 1124
543 1124
466 1124
312 1124
414 1124
500 1124
133 1124
198 1124
604 1124
741 1124
685 1124
104 1124
45 1124
557 1124
962 1124
591 1124
830 1124
1071 1124
197 1124
354 1124
81 1124
889 1124
986 1124
922 1124