250 390
1293 1374
1102 1961
1762 2096
252 943
36 351
716 1401
1014 1265
794 1454
722 1610
884 1864
1872 2441
2271 2388
1196 2045
235 1226
1399 2258
1813 2459
470 1613
1715 1965
438 1398
64 110
1044 1397
297 1220
562 2011
35 41
1144 2020
1257 2302
1291 2092
659 2449
1894 2173
1432 1923
747 2311
799 2390
305 2207
1566 2156
1193 2108
2281 2307
833 2428
215 1438
1799 1905
2387 2480
1579 1686
386 1047
1603 2250
776 855
1617 2093
1867 2186
514 1694
311 643
1497 1634
1374 1978
1200 1240
2467 2479
1271 1920
1300 2349
1701 2135
2257 2474
2241 2344
1311 1458
919 1459
155 1700
2121 2193
22 1311
2146 2198
951 1998
544 912
1950 2203
852 884
1056 2276
209 1606
753 1735
84 878
1210 1681
2240 2268
820 1888
1850 2254
1561 1929
1976 2456
597 2237
896 1409
1133 1161
1611 1829
2012 2047
2121 2208
1100 1698
2431 2480
1330 1518
2061 2102
1594 2474
1335 2253
339 1736
1836 2267
322 1250
1580 2461
1155 2195
1160 1412
464 2256
1226 1809
1107 1217
2395 2476
2315 2384
1749 2375
988 2121
357 1522
1179 1877
352 627
710 831
1861 2246
2321 2360
2063 2395
768 900
1804 2179
1403 1533
344 1624
2339 2485
1653 1914
2068 2254
1793 2371
1282 1941
2093 2225
22 2184
349 2245
417 993
2429 2441
241 1491
1903 2357
696 2066
1789 1958
2237 2479
2052 2230
1300 1336
910 1858
1816 2201
717 2349
1949 2025
870 877
854 1301
1013 1666
575 2413
879 939
1737 1955
1062 1903
776 2433
1569 1774
536 1238
1444 1463
344 483
811 1434
1898 2473
1389 1733
45 2221
406 2062
2111 2499
1509 1579
376 1271
1402 1812
327 1118
2129 2184
386 554
393 1999
1855 1857
902 2117
170 1747
918 1567
85 399
674 1750
1862 2361
990 1303
2178 2396
1401 1946
158 2008
336 680
2176 2430
638 1052
2063 2440
1459 2440
514 1280
784 1377
753 948
59 465
2327 2474
1087 2075
725 909
1630 1851
1079 1293
1433 1667
1053 2049
2220 2326
2461 2480
1453 2032
2137 2260
326 1578
135 1186
1643 1991
1610 2044
109 255
2422 2460
16 1930
991 2173
474 725
611 967
2120 2276
129 311
1884 2104
393 1239
78 904
1449 1725
1996 2397
2085 2097
1505 1988
2023 2358
1019 1354
1994 2490
250 1408
1073 1359
1716 1807
724 2417
2263 2432
2420 2485
587 1949
462 1685
956 2131
222 322
1500 1621
17 2439
1973 2036
1268 1743
1910 1919
1092 1196
1648 2382
939 1391
2342 2349
1989 2123
1163 1415
968 1873
2411 2475
1495 1654
1463 2187
1013 1823
485 2360
1796 2422
2012 2048
401 2041
2347 2433
1563 2306
201 690
1490 2414
911 1685
475 894
1922 2154
986 1747
1598 2016
2265 2326
16 239
843 1962
664 2099
994 1649
1849 2047
229 1002
836 2008
2382 2471
1008 2367
583 2148
1835 1912
1343 1704
2178 2308
2342 2383
583 1904
1425 2424
1881 2278
2309 2320
576 1399
213 2124
639 1133
510 1516
1316 2112
2466 2474
2018 2230
897 1316
1461 1576
1552 1805
1830 2405
303 338
98 1530
2349 2450
30 41
1960 2077
2255 2466
622 686
1839 2264
2410 2439
790 2215
1308 1393
1485 1855
802 1145
487 724
1317 1925
268 766
387 466
818 916
1391 1427
1653 2053
640 774
1478 2027
2483 2485
963 1192
2022 2136
2376 2413
10 1786
150 1882
1874 1992
862 1369
705 1038
2152 2445
1866 2500
747 1253
1695 2387
1866 2365
817 1317
1030 1434
258 414
1042 1919
1673 2358
502 663
2290 2345
859 1084
559 1672
758 898
983 1158
1843 1868
856 1590
886 1266
624 2077
316 1697
1665 2477
1717 2209
2071 2336
1401 1558
1024 1839
1580 2258
1044 1932
2057 2473
849 1892
819 868
16 2259
2043 2206
809 1638
599 1542
677 948
143 779
2122 2331
2380 2483
1941 2442
337 1022
1528 1818
494 1825
2486 2499
2061 2467
1139 1647
1188 1797
926 1678
2346 2461
2239 2486
24 1452
650 1643
1953 2343
188 1771
1416 2097
436 1016
910 929
353 2485
2009 2118
1569 2020
1046 2415
883 1940
1853 2274
2085 2254
1996 2072
2497 2498
624 2004
86 2388
2149 2415
2091 2403
1699 2003
2498 2500
1270 1964
1863 1891
546 943
2180 2401
409 645
1172 1707