50 54
452 1710
522 1710
1164 1710
925 1710
560 1710
659 1710
572 1710
1298 1710
880 1710
460 1710
708 1710
1484 1710
1224 1710
25 1710
183 1710
1557 1710
481 1710
866 1710
1330 1710
1662 1710
334 1710
1239 1710
852 1710
1530 1710
1399 1710
1122 1710
85 1710
488 1710
789 1710
689 1710
1474 1710
1657 1710
825 1710
736 1710
941 1710
712 1710
1705 1710
424 1710
1463 1710
1008 1710
1275 1710
383 1710
484 1710
317 1710
559 1710
523 1710
537 1710
1484 1710
1031 1710
1221 1710
1061 1710
1657 1710
758 1710
1267 1710