50 120
1635 1811
2115 2476
327 1391
932 2355
2393 2404
2365 2380
1557 2001
614 976
574 1707
221 419
2168 2256
1505 2243
247 891
10 2099
2419 2442
1244 1393
621 2456
683 1771
1846 2380
1851 2125
2172 2401
1740 2412
2248 2440
1980 2374
664 2335
175 1976
1361 2360
2300 2497
1790 2193
138 2102
567 2071
319 2335
703 2337
2325 2460
2201 2468
1903 2320
1111 1999
1243 1946
2209 2228
1441 1947
2141 2328
1516 2270
1220 2295
881 2159
530 1562
2326 2411
950 1527
2247 2497
115 2133
2370 2464
2251 2437
930 1890
658 1597
2046 2304
2017 2405
97 2416
1909 2052
625 1870
2216 2246
547 1749
2437 2457
936 2334
524 1941
1094 1503
1629 2059
2318 2461
400 1720
2176 2373
2242 2274
696 2383
1035 1355
1654 2343
1343 1369
802 2309
1851 1920
1073 2283
1398 2257
463 1852
2268 2340
2036 2321
345 1935
595 1819
63 986
1843 1950
424 1140
1121 1960
1209 2280
931 1176
348 1936
162 266
2197 2261
1977 2003
689 2130
1659 1882
596 2182
1014 2296
1299 1796
1535 2112
1359 1825
1558 1972
1525 2001
39 1691
102 1323
1690 2045
278 1147
1057 1091
1089 1740
627 1527
1296 1688
1545 1571
738 1066
1723 2203
1743 1748
451 2384
1163 2009
1619 1628
1881 2323
1484 2092
2314 2424
584 1822