100 299
49 64
15 64
0 64
46 64
20 64
31 64
59 64
21 64
8 64
2 64
3 64
21 64
43 64
22 64
60 64
63 64
7 64
45 64
32 64
2 64
26 64
54 64
7 64
58 64
12 64
6 64
54 64
61 64
1 64
37 64
10 64
36 64
20 64
8 64
48 64
42 64
48 64
54 64
43 64
51 64
17 64
13 64
15 64
45 64
23 64
39 64
42 64
3 64
50 64
44 64
32 64
13 64
57 64
43 64
1 64
18 64
32 64
46 64
46 64
24 64
21 64
31 64
29 64
26 64
43 64
37 64
58 64
14 64
52 64
48 64
20 64
21 64
40 64
5 64
37 64
32 64
56 64
41 64
15 64
42 64
31 64
14 64
16 64
14 64
58 64
26 64
36 64
58 64
61 64
62 64
62 64
45 64
21 64
39 64
59 64
21 64
31 64
44 64
58 64
42 64
12 64
17 64
39 64
22 64
25 64
52 64
58 64
56 64
16 64
45 64
63 64
37 64
53 64
3 64
1 64
2 64
10 64
48 64
4 64
36 64
32 64
15 64
31 64
28 64
36 64
12 64
62 64
29 64
2 64
60 64
62 64
27 64
22 64
59 64
45 64
55 64
14 64
37 64
23 64
49 64
61 64
11 64
59 64
10 64
45 64
29 64
25 64
31 64
63 64
6 64
13 64
62 64
54 64
21 64
10 64
9 64
63 64
53 64
28 64
26 64
15 64
62 64
15 64
51 64
54 64
27 64
49 64
52 64
20 64
36 64
29 64
10 64
36 64
13 64
11 64
1 64
42 64
21 64
40 64
18 64
1 64
44 64
36 64
44 64
52 64
14 64
54 64
12 64
53 64
60 64
40 64
30 64
37 64
0 64
36 64
1 64
54 64
55 64
16 64
51 64
53 64
5 64
42 64
2 64
35 64
7 64
12 64
56 64
33 64
35 64
16 64
39 64
39 64
60 64
21 64
42 64
52 64
55 64
25 64
36 64
38 64
6 64
28 64
27 64
41 64
36 64
34 64
5 64
16 64
63 64
54 64
62 64
60 64
17 64
11 64
11 64
46 64
45 64
44 64
47 64
39 64
26 64
21 64
12 64
4 64
62 64
56 64
20 64
2 64
30 64
7 64
59 64
60 64
22 64
51 64
49 64
36 64
62 64
28 64
20 64
36 64
29 64
37 64
12 64
42 64
61 64
17 64
20 64
44 64
54 64
21 64
5 64
25 64
40 64
34 64
62 64
39 64
59 64
24 64
48 64
32 64
0 64
57 64
32 64
0 64
1 64
48 64
9 64
18 64
2 64
27 64
24 64
28 64
43 64
45 64
53 64
11 64
18 64
4 64