500 482
1587 1955
1568 2213
1550 1778
657 1838
1957 2497
1967 2193
1864 2039
2275 2398
2401 2402
525 1215
2169 2272
206 1115
1902 2322
1668 1784
8 1897
1494 1714
261 1415
969 1274
2181 2186
1356 2238
2390 2489
436 928
1855 1939
648 1724
301 2008
2028 2336
808 2456
2026 2326
601 646
1725 1743
2049 2071
960 2279
2177 2274
395 2007
1798 2352
682 1155
2284 2465
94 1491
1083 2027
799 2106
61 86
1722 2218
1959 2298
941 1503
1532 1906
1575 2257
1004 1987
1423 2258
741 1241
785 2245
1882 2376
307 381
220 1483
534 1046
468 494
1220 1557
401 591
196 903
2338 2408
2228 2361
2444 2457
1452 2483
414 2122
546 739
282 1469
1708 2154
486 2279
1161 2267
1296 1485
1116 1908
1060 1642
240 1610
2223 2473
389 1047
6 865
1229 2015
1396 2080
2356 2360
284 1684
1837 2444
235 1868
1436 2026
1755 2362
1355 2497
1283 1617
2107 2178
1107 1117
804 2023
500 1640
1124 1398
2481 2498
949 1654
293 700
873 2489
271 1520
1002 1838
2238 2271
1003 1340
698 1492
1969 2010
2108 2127
1069 1175
900 1508
277 754
2300 2304
1394 1906
159 1914
1300 1391
614 1050
295 1728
565 989
604 1631
2018 2401
195 1959
1978 2224
583 1933
743 1058
24 587
627 2418
100 2315
1795 1825
1057 1404
2110 2233
2142 2262
758 985
390 1447
2430 2468
1201 1519
53 792
545 1446
2169 2435
1303 1428
805 1229
1156 1748
827 2074
1590 1591
792 2240
1071 2066
1608 2048
2359 2497
1124 2106
1928 2283
2472 2500
295 920
1658 2190
1014 2346
1239 1512
1967 2285
2489 2490
1938 2492
1547 2007
1040 1320
1968 2345
211 1164
26 1159
1854 1964
1597 2063
1148 1189
625 1413
1302 2049
388 2021
1068 1736
1052 2395
461 1730
608 1364
1326 2144
2266 2269
1115 1512
296 2426
2272 2410
327 460
322 594
2172 2479
2341 2455
2010 2369
1797 2061
1934 2316
830 2320
1155 1635
1627 2379
207 1432
1126 2208
2387 2442
626 2433
2096 2319
2233 2473
507 2272
927 1241
1494 1915
1688 1802
2072 2251
1310 2211
2168 2355
388 1454
314 675
1120 1295
2154 2413
2233 2311
233 1753
2231 2468
1486 2363
2422 2425
1856 2220
453 1273
307 2085
2068 2306
1479 1810
1260 1527
1471 1791
257 871
995 1549
959 1189
2266 2483
2246 2385
2238 2243
1805 2423
2349 2354
583 1181
2268 2291
1177 1749
635 1823
486 1693
50 1263
1794 1879
1527 1926
218 1722
408 2082
920 956
2429 2495
1138 1897
196 1610
2161 2195
533 1217
70 981
2336 2448
2447 2488
417 739
1264 1628
1715 2491
2321 2428
562 1141
2069 2081
759 1358
2458 2466
213 2237
1602 2425
1646 2228
429 1559
1175 2318
2016 2269
1174 2073
780 2251
1347 1446
2489 2492
2492 2496
975 2095
1633 2420
1935 2213
278 1391
1432 2476
168 1599
2138 2185
8 1611
1134 1718
1539 2181
1269 1482
2420 2446
814 1468
1656 1904
2275 2301
1345 1987
1834 2406
2263 2309
1099 1927
1210 2481
375 1568
2060 2222
217 1467
162 1149
2404 2429
318 2012
2381 2410
1314 2095
399 1955
2341 2375
487 1305
280 619
149 1292
992 1135
157 1939
726 2186
1578 1705
1136 1707
285 1305
294 490
1042 1199
420 2348
1858 2409
1171 2071
2303 2440
2026 2158
609 1140
1869 2226
274 1401
271 1574
1194 1552
2127 2160
423 2411
1995 2089
1880 1954
2234 2266
1537 2058
1929 2118
1217 1733
2266 2429
1878 2054
1537 2399
2013 2494
1721 2100
887 1228
2121 2446
777 1680
1043 1840
616 1029
1532 2236
409 1907
1226 2082
2068 2143
806 1620
99 773
972 1839
2027 2421
826 1667
1818 2131
1105 2422
933 1140
1786 2391
975 1058
518 791
1107 1352
2368 2437
495 594
403 2101
1175 2352
1867 2405
1493 1553
1199 2435
435 1299
708 2187
2324 2442
2190 2276
374 2385
1951 2308
984 1815
1759 2296
1754 1936
1032 1572
2285 2378
789 884
1002 2283
1247 1482
132 754
1732 2163
166 939
576 1732
449 950
2114 2358
1324 1977
2233 2447
155 2348
1817 2292
964 1839
772 1996
1211 2450
63 488
81 2348
293 2152
1256 2354
885 2099
446 1403
1038 1296
2363 2462
1671 2062
1833 2485
1444 2065
480 948
1370 1450
2362 2480
1283 2413
155 574
1515 2248
708 1900
1551 1657
704 1397
143 2232
1540 1750
371 2383
145 2392
1936 2357
208 1624
1277 2432
1880 2469
1267 1665
142 321
319 2025
2048 2395
886 2026
1873 2386
1391 1775
416 746
713 1742
1890 1933
1686 2117
1218 2178
2218 2291
2414 2452
565 2068
2032 2108
1320 1827
1008 1403
275 981
2216 2288
1128 1872
594 1483
1029 1579
512 759
1647 2410
1929 2440
65 499
692 763
2206 2264
1458 1832
1140 1295
2354 2401
1690 2131
1630 2423
262 1955
771 1033
2301 2350
380 1210
2360 2456
1782 2122
1413 1603
367 770
1813 2129
1197 1254
1821 2479
1166 1746
1172 2183
2124 2128
323 392
802 975
1109 2304
759 1141
1939 2449
1431 1741
149 2394
153 2452
720 2397
1766 2355
416 621
1010 2306
2137 2155
1665 1836
2266 2362
2365 2387
661 899
642 1017
384 525
1398 2358
423 1284
295 1405
2251 2474
2044 2366
629 944
1747 1848
325 2468
2049 2190
259 1233
1404 1919
16 1433
2342 2394