467
53
64
57
7
3
9
15
29
10
77
77
89
38
53
70
3
87
13
28
5
25
84
68
85
31
93
40
86
98
19
50
100
80
92
13
91
37
58
71
16
36
35
40
98
17
68
82
78
21
60
25
61
26
44
25
21
83
26
25
15
59
21
54
41
60
70
53
54
100
69
14
13
30
6
2
37
29
54
92
4
93
61
68
2
71
12
83
43
42
76
88
12
79
9
96
11
72
34
1
13
39
71
8
30
39
18
79
26
41
61
92
87
58
72
85
1
66
67
16
29
41
53
65
45
72
70
24
77
92
49
97
43
91
88
46
62
2
11
55
31
63
92
7
49
3
67
35
87
85
13
22
2
38
34
73
5
15
43
18
59
14
17
41
19
71
24
82
36
17
92
39
25
97
39
97
6
91
71
68
29
27
1
76
51
57
98
27
93
71
66
4
6
95
43
97
62
71
39
46
57
14
49
79
71
51
35
88
5
3
54
20
53
1
26
83
4
25
31
60
92
6
96
95
9
28
15
44
26
5
28
51
17
27
33
4
52
17
28
58
100
2
58
11
81
87
63
22
85
59
43
25
63
15
68
10
74
95
47
29
85
2
51
99
12
28
78
57
86
31
42
87
3
16
96
7
57
26
31
91
55
22
51
89
79
60
34
66
69
21
12
1
1
57
65
35
19
57
49
55
64
51
63
45
4
21
66
62
70
87
59
52
94
97
34
50
34
88
68
39
16
39
67
71
46
8
99
31
82
88
40
84
23
17
77
29
61
70
61
53
30
86
44
83
75
44
25
18
9
60
63
5
90
98
95
18
24
76
95
70
45
21
5
60
36
52
67
36
54
19
19
22
25
91
2
52
39
67
54
1
42
51
22
38
71
27
91
42
67
88
35
37
65
88
66
78
44
42
59
42
66
48
80
3
89
57
28
54
4
6
43
13
31
42
67
8
37
76
56
41
62
62
62
99
75
89
53
49
60
47
30
48
36
87
42
51
31
85
42
65
36
88
55
56
76
81
96
94
59
16
56
97
25
89
32
61
32
11
1
76
88
34
67
97
63
5
12
8