352
49
13
73
15
56
21
14
74
57
79
19
23
52
92
61
16
62
18
52
18
92
43
55
55
51
9
22
59
66
98
23
86
78
32
79
63
98
2
7
95
21
77
20
11
83
97
73
72
72
52
12
70
46
75
58
71
88
63
14
25
39
47
27
61
55
55
54
62
79
80
30
43
58
16
25
55
58
90
82
8
74
68
56
25
40
1
81
14
63
34
58
55
28
83
28
78
100
85
47
18
10
58
69
28
53
57
92
39
27
28
33
76
2
8
5
98
95
89
84
68
4
16
34
10
43
5
73
40
60
13
59
87
50
51
99
88
85
8
27
99
77
86
53
27
38
7
5
87
88
36
77
77
90
32
87
25
9
57
96
1
77
13
80
37
47
65
5
57
26
68
1
18
41
74
53
66
16
40
42
74
88
72
12
69
45
76
23
51
98
33
57
53
38
88
58
28
40
28
89
73
79
40
11
89
98
1
58
92
90
42
46
53
25
95
9
2
72
87
68
41
62
61
17
2
69
18
26
58
62
25
91
33
51
15
71
14
9
84
50
60
12
73
27
2
98
33
39
82
44
33
26
71
67
71
63
40
40
41
47
54
55
27
12
24
43
16
56
70
81
53
87
29
41
60
56
99
46
84
54
35
88
36
93
97
38
52
82
27
75
7
46
62
68
29
89
81
36
90
37
12
85
2
91
6
73
13
23
11
89
57
36
87
37
15
70
45
46
52
34
48
89
60
29
14
62
36
76
28
34
67
96
87
20
70
69
5
26
68
25
100
63
71
90
25
74
92
77
57
21
71
61
33