100
71 89 81 57 71 87 79 78 56 59 44 42 54 59 17 14 83 82 78 34 81 82 78 68 68 86 63 89 51 81 80 84 82 48 92 72 47 52 58 68 27 70 88 84 87 21 16 72 83 78 40 58 52 93 22 38 34 73 51 25 70 48 84 82 49 76 63 87 76 83 74 43 76 80 71 54 56 75 30 32 72 88 79 79 81 67 82 78 82 90 79 15 8 38 57 43 82 83 90 87
2 3 5 6 7 8 9 13 17 20 21 23 25 26 27 29 31 32 34 35 42 43 47 50 53 57 62 63 65 67 68 71 73 76 81 82 83 84 85 86 87 88 89 90 94 96 97 98 99 1 10 16 18 22 24 36 38 41 44 46 48 58 60 66 69 70 72 77 80 93 95
0 2 3 4 5 6 7 8 11 12 13 16 17 18 19 20 21 22 23 24 25 26 27 28 29 30 31 32 34 35 36 38 41 42 43 44 47 48 49 50 51 53 56 57 58 60 61 62 63 64 65 66 67 68 69 70 71 72 73 75 76 77 80 81 82 83 84 85 86 87 88 89 90 91 95 96 97 98 99 10 15 33 37 39 52 55 74 93 94
0 1 4 5 6 7 8 12 13 16 17 18 20 21 22 23 24 25 27 28 29 30 31 32 33 34 35 36 39 41 42 43 44 47 48 49 51 52 53 56 57 59 60 61 62 63 64 65 67 68 69 70 71 72 73 75 76 77 79 80 81 82 83 84 85 86 87 88 89 90 96 97 98 99 9 10 26 38 66 74 94
0 1 6 12 16 18 20 21 22 27 28 29 32 34 41 44 45 48 53 57 65 68 69 70 72 73 78 82 83 86 87 89 90 95 96 97 99 5 9 13 25 31 33 37 38 42 49 51 59 61 62 66 67 75 85 88 94
1 2 5 6 7 9 14 15 16 17 18 20 21 22 25 29 30 31 33 34 36 38 39 41 42 43 44 48 49 51 52 53 55 56 57 58 60 62 63 67 68 70 71 72 73 74 75 76 77 81 82 83 84 85 86 87 88 89 90 93 94 96 97 98 99 23 27 32 47 69 80
0 1 2 4 3 6 7 9 10 11 13 16 17 18 20 21 22 23 25 26 27 29 30 31 32 33 34 35 36 37 39 40 41 42 43 44 46 48 49 51 52 53 55 56 57 58 60 61 62 63 65 66 67 68 69 70 72 73 74 75 76 77 79 80 81 82 83 84 85 86 87 88 89 90 92 94 95 96 97 98 99 8 12 28 38 47 59
0 1 2 3 4 5 7 8 10 12 16 17 18 20 21 22 25 27 28 29 30 31 32 34 35 37 39 41 42 43 44 47 48 49 51 53 56 57 58 60 62 63 64 65 67 68 69 71 72 73 74 77 81 82 84 85 86 87 88 89 90 93 96 97 98 99 9 11 13 23 24 26 52 55 61 76 78 80 83
0 1 2 4 5 6 8 9 11 13 16 17 19 20 21 22 25 27 29 31 32 34 35 37 39 41 42 43 44 46 47 48 49 52 53 60 62 63 64 65 67 68 69 70 71 72 73 75 76 77 79 80 81 82 84 85 86 88 89 90 93 95 96 97 98 99 14 18 24 26 30 40 51 57 74 83 87 94
0 1 2 6 7 5 17 20 21 22 27 29 30 31 32 34 41 42 43 44 49 54 57 60 61 62 66 67 68 69 73 81 84 85 86 87 89 96 98 99 13 33 39 47 50 51 53 55 58 63 65 70 72 77 83 97
0 4 5 7 2 3 6 16 18 20 27 29 30 31 32 34 35 36 41 42 43 44 46 48 49 53 57 60 62 67 68 69 72 75 77 81 86 87 88 89 90 94 96 97 98 99 17 21 24 25 50 51 55 56 63 70 76 82 84
5 6 0 1 2 12 16 18 20 21 25 29 34 48 52 63 65 67 72 74 81 88 89 90 97 98 11 19 22 24 27 31 32 36 42 44 54 64 73 79 83 85 86 99
1 5 7 6 10 16 17 21 22 25 30 31 32 42 44 53 65 68 73 74 77 84 86 97 98 18 27 37 48 57 58 60 63 67 69 70 78 81 82 83 89 96
1 2 3 6 10 5 13 16 22 24 25 29 30 34 35 42 43 53 57 61 65 67 70 74 76 77 81 84 87 89 90 92 93 96 97 99 17 18 26 27 32 33 44 47 49 58 69 71 83 86 88 94 95 98
0 1 2 5 7 12 3 6 8 14 16 18 21 22 27 29 31 32 33 34 38 42 43 44 48 52 53 57 60 62 63 64 65 68 70 72 73 74 76 81 84 85 86 88 89 90 96 97 99 17 20 24 47 50 58 67 77 82 87
4 13 7 29 35 39 52 63 65 80 89 16 17 24 34 53 72
4 1 30 43 72 81 99 17 21 57 67 73 74 86
1 2 3 4 5 6 7 9 10 11 12 13 0 14 17 18 20 21 22 24 25 26 27 29 30 31 32 33 34 35 36 39 41 42 43 44 47 48 49 51 52 53 57 60 62 63 65 67 68 69 72 73 74 77 81 82 83 84 86 87 88 89 90 94 95 96 97 98 99 23 28 38 55 56 61 66 70 71 75 76 78 80 93
0 1 2 4 5 6 7 8 11 16 9 12 13 14 15 18 19 20 21 22 23 25 27 29 30 31 32 33 34 35 36 37 38 39 41 42 43 44 47 48 49 53 55 60 62 63 65 66 67 68 69 70 71 72 73 74 75 77 80 81 82 83 84 85 86 87 88 89 90 93 94 95 96 97 98 99 26 28 57 58 64 76
1 2 3 4 5 6 9 10 13 16 17 0 7 11 12 20 21 22 23 25 26 27 29 30 31 32 33 34 35 39 42 43 44 47 48 49 51 53 57 58 62 63 64 65 66 67 68 70 71 72 73 74 77 79 80 81 82 84 85 86 87 88 89 90 94 96 97 98 99 38 40 41 52 56 60 61 69 75
1 7 17 10 22 24 26 27 30 31 41 42 43 53 58 62 70 89 98 23 35 48 51 60 65 66 68 71 72 77 81 85 93 97
0 1 2 3 4 5 6 7 8 9 10 16 17 18 13 21 22 24 25 26 27 29 30 31 32 34 35 39 41 42 43 44 47 48 49 51 53 55 57 60 61 62 63 64 65 66 67 68 69 70 71 72 73 74 76 77 78 80 81 82 83 84 86 87 88 89 90 96 97 98 99 36 37 40 56 58 75 79 85 94 95
0 1 2 3 4 5 6 7 8 10 11 13 16 17 18 20 9 15 22 24 25 27 29 30 31 32 33 34 35 36 38 39 42 43 44 47 48 49 50 51 53 54 55 57 60 61 62 63 65 67 68 69 70 72 73 75 76 77 80 81 82 83 84 86 87 88 89 90 94 95 96 97 98 99 23 28 40 41 59 64 66 85
1 2 3 4 5 6 7 8 11 12 13 16 17 18 19 20 21 0 10 23 24 25 26 27 28 29 30 31 32 34 37 39 42 43 44 48 49 51 52 53 54 57 62 63 64 65 66 67 68 69 70 71 72 73 76 79 80 81 82 84 86 87 88 89 90 93 96 97 98 99 33 35 47 60 61 74 75 83
0 1 2 5 17 18 22 4 6 16 19 21 25 27 28 29 30 34 37 38 42 43 44 47 48 49 53 56 57 60 63 64 67 68 69 70 73 74 75 76 77 79 81 82 84 86 87 89 90 95 96 97 98 99 24 31 32 35 39 50 58 62 72 80 83 85 93 94
1 2 12 16 19 20 21 22 0 6 7 9 10 13 14 23 25 27 29 30 32 34 37 40 41 43 44 47 48 61 63 65 67 69 70 72 73 74 77 80 81 82 84 85 86 87 88 89 90 94 95 96 97 98 99 26 31 35 36 39 42 50 52 53 57 60 66 83
0 1 2 4 5 6 7 10 11 12 16 17 18 20 21 22 23 24 3 9 26 27 28 29 30 31 32 33 34 35 41 42 43 44 47 48 49 53 59 60 61 62 63 64 65 67 68 69 70 71 72 73 74 75 76 77 79 80 81 82 83 84 85 86 87 88 89 90 96 97 98 99 36 37 38 39 40 45 46 52 58 66 78 91 93 94
0 1 5 16 18 19 20 22 25 2 6 7 12 17 24 30 31 33 36 37 41 42 43 48 51 58 63 65 68 69 70 71 75 76 77 78 80 81 83 84 86 87 90 95 96 97 98 28 32 34 35 39 47 53 59 62 66 73 82 85 88 89 99
0 1 2 3 5 6 7 8 9 13 16 17 18 19 20 21 22 23 24 25 4 10 11 12 28 29 30 31 32 34 35 36 39 41 42 43 44 47 48 49 50 51 52 53 55 56 57 58 60 62 63 64 65 66 67 68 69 70 71 72 73 74 75 78 80 81 82 83 84 85 86 87 88 89 90 93 94 96 97 98 99 37 38 40 46 54 61 77 95
1 2 3 6 22 23 25 27 5 16 17 21 26 29 34 39 42 43 48 49 53 56 60 61 64 67 70 73 81 82 83 85 87 88 89 96 97 31 32 37 44 47 50 52 62 69 71 77 84 98 99
0 1 2 3 4 5 6 7 8 9 10 12 13 14 16 17 18 20 21 22 23 24 25 27 28 30 31 32 33 34 35 38 39 41 42 43 44 47 48 49 52 53 54 56 57 60 62 63 65 67 68 69 70 71 72 73 74 75 76 77 80 81 82 83 84 85 86 87 88 89 90 91 93 96 97 98 99 36 50 51 64
1 2 4 5 6 8 9 11 12 15 16 17 18 19 20 21 22 23 24 25 26 27 29 7 31 32 34 35 36 38 39 41 42 43 44 47 48 49 50 51 52 53 57 60 62 63 65 66 67 68 69 70 72 73 74 80 81 82 83 84 85 86 87 88 89 90 94 95 96 97 98 99 33 54 61 64 75 76 77 93
0 1 2 4 5 6 7 8 9 11 13 16 17 18 19 20 21 22 25 26 27 29 30 3 10 23 24 28 32 33 34 35 38 39 42 43 44 47 48 49 50 53 55 57 60 62 63 65 66 67 68 69 71 72 73 74 75 77 80 81 82 83 84 86 87 88 89 90 94 96 97 98 99 36 37 41 51 56 58 70 76 78 79 85
0 1 2 3 5 6 7 8 9 11 13 16 17 18 20 21 22 24 25 27 29 30 31 4 10 12 23 26 28 34 35 36 37 38 39 41 42 43 44 47 48 49 51 53 55 56 57 58 60 62 63 65 67 68 69 70 72 73 74 77 81 83 84 86 87 88 89 90 95 96 97 98 99 52 54 64 66 71 79 80 82 85
2 4 5 13 16 17 18 21 25 26 29 31 1 3 8 12 22 30 34 35 37 42 43 47 48 58 61 65 68 73 82 90 96 98 99 41 44 46 53 62 63 70 77 79 81 83 87 88
0 1 2 3 4 5 6 7 8 9 10 12 13 16 17 18 20 21 22 23 24 25 27 28 29 30 31 32 33 14 26 35 36 37 39 40 41 42 43 44 47 48 49 50 51 52 53 55 56 57 59 60 61 62 63 65 66 67 68 69 70 71 72 73 74 75 77 79 80 81 82 83 84 85 86 87 88 89 90 93 94 95 96 97 98 99 38 45 54 64 76 78
0 1 2 5 6 7 9 12 14 16 17 18 20 21 25 27 29 30 31 32 33 34 19 22 23 24 26 39 42 43 44 48 50 53 57 59 62 63 65 66 67 68 69 70 72 73 74 76 77 80 81 82 84 87 88 89 90 96 98 99 38 41 49 55 58 61 71 83 86 91 94 97
1 2 4 5 9 16 17 21 26 27 30 32 34 0 10 20 24 25 29 31 41 42 43 44 50 53 56 59 62 63 69 71 74 81 82 88 89 90 99 39 49 67 83 84 86 96 98
5 6 7 17 22 23 24 26 32 33 34 1 3 11 20 25 27 28 31 42 43 44 48 49 53 58 60 62 67 78 80 83 84 86 89 90 94 98 99 39 57 65 68 69 73 74 81 82 88 95 96 97
1 4 13 17 21 23 29 30 31 32 0 2 3 5 16 18 25 27 34 35 42 43 45 47 53 62 63 67 70 75 77 81 82 83 84 86 87 88 90 96 98 39 41 44 49 50 56 57 66 69 72 73 74 76 80 94 97 99
2 4 5 6 7 14 16 17 18 20 21 22 27 28 29 30 31 32 34 35 1 8 23 24 25 26 36 37 38 42 43 44 45 48 49 50 51 53 55 62 63 65 66 67 68 69 70 74 77 80 81 86 87 88 89 90 96 98 99 61 64 71 73 82 83 84 85 97
5 24 34 7 18 20 21 25 27 43 47 53 61 73 74 89 90 95 98 48 55 67 68 70 82 84 85
1 2 3 4 5 6 7 8 9 16 17 19 20 24 25 26 27 29 30 32 34 36 0 18 21 31 33 35 38 43 44 45 47 48 49 50 53 57 60 62 63 65 66 67 68 69 70 72 73 75 76 79 80 81 82 84 85 86 87 88 89 96 97 99 42 58 64 78 83 98
0 1 2 4 5 6 7 8 9 11 12 13 16 17 18 19 20 21 22 23 25 26 27 28 29 30 31 32 33 34 35 36 37 38 39 3 10 24 41 43 44 47 48 49 51 52 53 55 57 58 59 60 61 62 63 65 66 67 68 69 70 72 73 74 75 76 77 79 80 81 82 83 84 85 86 87 88 89 90 91 96 97 98 99 45 64 93 94
0 1 2 4 5 6 7 8 9 12 13 15 16 17 18 19 20 21 22 23 24 25 26 27 28 29 30 31 32 33 34 35 36 37 38 39 40 41 42 44 47 48 49 52 53 57 58 60 62 63 65 66 67 68 69 70 72 73 74 78 80 81 84 85 86 87 88 89 90 93 94 95 96 97 98 99 45 59 61 64 75 77 82 83
1 2 3 4 5 6 7 8 9 11 13 16 17 18 20 21 22 23 24 25 27 29 30 31 32 34 35 36 37 39 41 42 43 0 10 12 28 33 38 48 49 52 53 54 56 57 60 62 63 64 65 67 68 69 72 73 74 76 77 78 79 80 81 82 84 85 86 87 88 89 90 91 93 96 97 98 99 47 51 55 59 61 66 70 71 75 83
3 38 39 41 25 34 42 43 48 62 63 81 87 99 50 53 59 67 77 88 89
5 7 9 0 25 27 33 53 57 62 69 83 89 97 98 99
0 1 2 6 7 16 17 18 20 21 23 24 25 27 29 30 31 32 33 34 38 40 41 42 43 4 5 8 12 13 22 26 28 44 48 50 51 52 53 60 61 66 67 69 70 73 75 78 81 83 84 85 86 87 88 89 92 96 97 98 99 49 57 62 63 64 65 74 79 82 90 95
1 2 3 4 5 6 7 9 10 13 16 17 18 20 21 22 23 24 25 26 27 28 29 30 31 32 33 34 35 37 39 41 42 43 44 45 47 0 11 19 40 49 52 53 57 58 59 60 61 62 63 64 65 66 67 68 69 70 72 73 75 76 77 80 81 82 83 84 85 86 87 88 89 90 92 93 94 96 97 98 99 51 55
1 2 4 5 6 7 8 9 16 17 18 20 21 22 23 25 27 28 29 30 31 32 34 37 39 41 42 43 44 48 3 12 35 36 38 47 51 53 54 57 58 60 62 63 64 65 66 67 68 69 70 72 73 74 75 77 81 82 84 85 86 87 88 89 90 93 94 95 96 97 98 99 50 52 55 76 80 83
0 1 21 27 30 31 34 35 36 39 41 47 8 9 13 23 24 28 29 38 45 49 54 56 62 63 72 76 82 83 91 99 51 52 55 64 65 77 78 98
1 2 4 5 6 16 18 20 21 22 26 27 30 32 34 39 42 47 49 3 7 8 9 19 29 31 44 48 50 52 53 57 61 63 64 68 69 72 73 76 77 81 82 83 84 86 89 97 98 99 65 67 70 71 80 87 88 90
2 4 5 7 10 13 14 16 22 27 29 30 34 42 43 44 47 48 51 1 6 18 24 25 28 32 49 50 57 65 67 70 74 80 81 86 87 88 89 96 97 98 99 53 58 62 66 72 77 79 82 85
0 1 2 3 4 5 6 7 9 11 12 13 16 17 18 19 20 21 22 23 25 27 28 29 30 31 32 34 35 36 37 38 39 40 41 42 43 44 46 47 48 49 51 8 14 24 26 33 45 52 57 60 61 62 63 64 65 66 67 68 69 70 72 73 74 75 76 77 79 81 82 83 84 85 86 87 88 89 90 93 96 97 98 99 56 58 59 71 78 80 91 94 95
8 21 22 29 44 49 50 10 27 30 32 34 61 69 73 81 86 88 89 90 97 98
4 5 17 20 21 27 31 32 34 39 42 1 6 8 9 16 35 40 44 48 49 50 60 61 62 67 69 70 73 74 86 98 65 68 82 84 89 96
1 2 4 5 6 23 27 28 29 32 34 36 44 50 9 16 18 20 31 38 53 62 69 73 74 75 87 88 90 96 63 67 83 97
0 1 2 3 4 5 6 8 9 12 13 16 18 20 21 22 23 27 29 30 31 32 34 35 41 42 43 44 46 48 49 51 52 53 7 11 15 17 24 37 38 47 61 62 64 65 67 68 72 73 74 75 77 81 82 84 86 87 88 89 90 92 95 96 98 99 63 69 70 80 83 85 97
1 4 5 6 18 19 26 27 32 33 37 42 43 48 49 0 8 11 12 13 17 20 23 25 31 35 41 52 53 60 62 67 68 69 72 74 76 89 90 94 95 96 98 63 66 70 81 82 84 87 88
2 25 34 35 36 42 48 3 5 21 26 43 44 45 53 62 67 73 82 83 94 97 77 86 98
1 2 4 5 6 7 8 9 13 16 17 20 21 23 25 27 28 29 30 31 32 34 37 41 42 43 44 47 48 49 53 55 58 0 11 18 19 22 24 61 62 63 65 66 67 69 70 71 73 75 77 81 82 83 84 86 87 88 89 96 98 99 68 72 74 80 85 90 94 97
1 2 5 8 12 20 21 24 25 28 33 34 40 42 47 48 51 53 54 55 57 60 3 6 16 18 22 27 30 35 39 43 44 63 66 67 69 74 80 83 84 93 95 97 98 81 86 88
0 1 2 4 5 6 7 8 9 13 16 17 18 19 20 21 22 25 27 29 30 31 32 34 35 36 37 38 39 41 42 43 44 45 46 48 49 50 53 55 56 57 58 59 60 3 23 26 28 33 47 52 63 65 66 67 68 69 70 71 72 73 74 75 77 81 82 83 84 86 87 88 89 90 92 93 95 96 97 98 99 76 78 80
0 1 2 4 5 6 7 10 13 14 16 17 18 20 21 22 23 24 25 26 27 29 30 31 32 34 35 36 38 39 41 42 43 44 45 48 49 50 51 53 60 61 62 8 9 11 33 47 56 57 58 65 66 67 68 69 70 71 72 73 74 76 78 80 81 82 83 84 85 86 87 88 89 90 93 94 95 96 97 98 99 77
1 2 6 7 13 18 20 22 23 25 27 28 44 48 49 51 53 57 10 17 21 29 30 32 34 39 41 42 43 47 50 68 73 80 81 84 86 87 89 98 66 74 75 77 82 90 95 96 99
0 1 2 3 5 6 7 10 11 12 13 14 16 17 18 20 21 22 24 25 26 27 29 30 31 32 33 34 35 39 41 42 43 44 48 49 52 53 57 60 62 63 8 19 37 47 50 51 55 67 68 71 72 73 75 76 81 82 84 86 88 89 90 94 96 97 98 99 69 74 77 78 80 83 87 95
1 5 8 17 18 20 22 27 30 31 34 35 39 41 42 43 47 48 49 53 60 61 62 63 0 2 3 16 19 21 24 25 26 32 38 44 52 58 64 67 68 72 73 76 81 82 83 84 85 86 87 89 96 98 99 69 74 77 78 80 88 94 97
0 1 2 4 5 6 7 8 9 10 12 16 17 18 20 21 22 23 24 25 27 28 29 30 31 32 34 35 37 38 39 41 42 43 44 47 48 49 52 53 55 57 58 59 60 61 62 63 65 66 3 11 13 15 36 40 45 51 56 68 69 70 72 73 74 75 76 77 78 79 80 81 82 84 86 87 88 89 90 94 95 96 97 98 99 83 85
0 1 2 3 4 5 6 7 8 9 11 13 16 17 18 20 21 22 23 25 26 27 29 30 31 32 33 34 35 39 41 42 43 44 48 49 51 53 57 58 62 63 64 65 66 67 19 37 40 55 60 69 73 77 78 81 82 84 86 87 88 89 90 93 96 97 98 99 70 72 74 75 80 83 85 94
1 2 3 5 6 7 8 9 16 17 20 21 22 23 24 25 26 27 29 30 31 32 34 35 36 39 41 42 43 44 46 47 48 49 51 53 54 55 56 58 60 61 62 63 67 68 0 4 11 12 18 28 37 38 57 65 66 70 73 74 76 77 80 81 82 83 84 86 87 88 89 90 94 96 97 98 99 71 72 78 79 85 95
1 2 3 4 5 7 12 13 17 18 19 20 21 22 23 24 25 26 27 28 29 30 32 34 35 38 39 41 42 43 47 48 49 52 53 55 60 62 63 67 69 0 8 9 11 16 31 33 40 44 51 57 58 68 74 75 80 81 83 84 87 88 89 90 92 96 97 99 72 73 79 82 94 98
0 1 2 4 6 7 17 18 20 22 25 26 27 29 31 34 36 60 62 63 65 12 16 19 28 32 35 39 44 51 53 69 74 85 88 90 72 73 75 82 86 89 99
1 2 3 4 5 6 7 9 10 13 15 16 17 18 20 21 22 24 25 27 29 30 31 32 34 35 41 42 43 44 48 49 50 51 53 57 58 62 63 65 66 67 0 8 14 19 23 38 52 60 68 69 70 71 73 74 75 76 80 81 83 84 85 86 87 88 89 90 93 95 96 98 99 77 94 97
0 1 2 3 4 5 6 7 8 11 13 16 17 18 20 21 22 23 24 25 27 28 29 30 31 32 33 34 35 40 41 42 43 44 47 48 49 51 53 54 55 56 57 59 60 62 63 64 65 66 67 68 69 72 10 15 26 37 38 39 70 71 75 77 81 82 83 84 86 87 88 89 90 96 97 98 99 80 85 94
4 5 6 10 11 12 13 16 17 18 20 23 24 25 27 29 30 31 32 34 35 36 39 40 42 43 44 49 52 53 55 56 57 58 61 62 63 67 69 70 71 72 1 2 7 15 22 37 38 47 60 64 65 66 68 75 77 80 81 84 87 88 89 90 96 97 98 85 86 93 99
1 2 4 5 7 9 17 21 23 25 26 27 29 31 34 38 41 42 47 48 49 53 56 57 60 62 65 67 70 72 73 74 3 16 18 20 22 30 43 44 64 68 71 76 81 84 94 97 98 99 77 83 89 96
0 1 2 4 5 7 12 13 20 21 22 23 25 26 29 35 41 42 44 48 50 51 53 58 63 65 66 67 69 72 75 6 9 16 17 30 31 34 38 49 62 77 79 81 83 86 87 88 94 96 97 98 85 89 95 99
1 2 4 5 6 7 9 11 12 16 17 18 20 21 23 24 25 26 29 31 32 34 35 38 39 42 44 48 49 51 53 57 60 62 67 68 69 73 74 76 0 8 13 19 27 28 30 33 43 45 50 52 59 63 64 65 66 72 75 78 80 81 82 83 84 85 86 87 88 89 90 96 97 98 99
3 20 26 27 37 43 44 47 63 67 68 77 6 11 16 25 31 34 41 50 53 62 65 66 69 81 89 99 88 97
2 5 7 18 22 23 25 34 41 42 44 53 67 76 10 20 31 32 33 47 52 69 70 80 84 86 85 87 89 90 98 99
1 2 5 7 14 17 18 20 21 22 24 25 26 27 29 30 31 34 35 37 39 41 42 43 44 48 52 61 63 64 67 69 70 72 74 77 79 0 4 6 16 23 32 38 49 51 53 57 60 62 65 66 68 73 81 82 83 84 85 87 88 90 93 94 96 97 98 99 86 89 91 95
0 1 2 4 5 6 7 8 9 10 12 13 15 16 17 18 20 21 22 23 24 25 26 27 28 29 30 31 32 34 35 36 38 39 41 42 43 44 45 47 48 49 51 52 53 54 57 60 62 63 64 65 66 67 68 69 70 72 73 74 75 76 77 78 80 11 19 33 37 58 61 82 83 84 85 86 87 88 89 90 94 95 96 97 98 99 91 93
0 1 2 3 4 5 6 7 16 17 18 20 21 22 23 24 25 27 28 29 30 31 33 34 35 36 38 41 42 44 48 49 50 51 53 57 59 60 62 63 65 66 67 68 69 73 77 80 81 9 11 13 26 32 37 39 40 43 47 52 55 58 64 70 71 83 84 85 86 87 88 89 90 94 96 97 98 99 93
0 1 2 3 4 5 16 17 20 21 25 26 27 28 29 30 31 32 34 37 38 42 46 47 48 50 51 53 59 60 61 62 63 66 69 70 72 73 76 77 80 81 82 6 7 8 10 11 12 22 23 24 33 35 36 39 41 43 44 49 56 57 65 67 68 75 84 86 87 88 90 93 95 96 98 99 89 94 97
0 1 2 4 5 6 7 8 11 12 13 16 17 18 20 21 22 23 24 25 26 27 29 30 31 32 34 35 37 38 41 42 43 44 47 48 49 51 53 57 60 61 62 63 64 65 66 67 68 69 70 72 73 74 75 77 79 80 81 82 83 9 28 36 39 40 55 58 85 86 87 88 89 90 93 96 97 98 99 91 94
0 1 2 4 5 6 7 8 13 17 18 24 25 27 28 29 30 34 41 42 43 44 47 48 49 53 63 66 71 72 77 80 81 82 84 3 10 19 20 21 23 26 31 32 39 40 52 57 60 67 68 69 73 74 76 79 86 87 89 91 93 95 96 97 98 90 99
0 1 2 3 4 5 6 7 8 9 11 13 16 17 18 20 21 22 23 24 25 26 27 29 30 31 32 34 37 38 39 41 42 43 44 47 48 49 51 52 53 54 55 57 60 62 63 64 65 66 67 68 69 72 73 76 77 79 81 82 83 84 85 10 12 15 35 36 59 61 71 74 80 87 88 89 90 94 96 97 98 99
0 1 2 3 4 5 6 8 9 12 16 17 18 20 21 22 23 24 25 26 27 28 29 30 31 32 34 35 38 39 41 42 43 44 45 47 48 49 52 53 56 57 60 62 63 64 66 67 68 69 70 72 73 74 76 77 80 81 82 83 84 85 86 7 13 33 51 58 65 79 88 89 90 94 96 97 98 99
0 1 2 4 5 6 7 9 10 13 16 17 18 20 21 22 24 25 27 28 29 30 31 32 34 35 36 38 39 41 42 43 44 47 48 49 52 53 54 56 57 60 62 63 65 67 68 69 70 71 72 73 74 76 77 80 81 82 83 84 86 87 3 12 26 33 37 45 51 58 61 66 78 89 90 93 94 95 96 97 98 99
0 1 2 3 4 5 6 7 8 9 10 12 13 14 16 17 18 19 20 21 22 23 24 25 27 28 29 30 31 32 34 35 36 37 39 40 41 42 43 44 46 47 48 49 51 52 53 54 57 58 60 62 63 64 65 66 67 68 69 70 72 73 74 77 78 81 82 84 85 86 87 88 11 26 45 55 71 75 76 79 80 83 90 91 94 95 96 97 98 99
0 1 2 3 4 5 6 7 9 10 12 13 16 17 18 20 21 22 23 24 25 26 27 29 30 31 32 33 34 35 36 37 38 39 40 42 43 44 48 49 53 54 56 57 58 62 63 65 67 68 69 70 71 72 73 74 77 80 81 82 83 84 86 87 88 89 47 51 60 64 79 85 92 95 96 97 98 99 94
1 29 42 44 50 85 89 25 35 53 80 81 84 96 98
5 12 47 48 57 62 70 90
4 6 7 12 17 22 27 29 34 43 44 48 49 53 61 62 63 68 72 80 83 84 85 88 0 1 16 19 23 25 30 42 74 81 82 98 99 96
0 4 5 9 16 17 18 21 24 27 30 31 34 37 43 48 49 58 59 63 65 67 69 75 76 80 81 82 86 87 88 89 1 2 3 7 12 20 23 25 35 38 42 53 60 66 68 70 72 73 83 84 90 98 96 97 99
1 3 5 7 16 17 21 23 24 26 30 32 34 40 43 49 57 58 61 62 63 67 72 81 83 85 88 89 90 0 12 20 27 37 47 53 64 65 69 76 80 98 99
0 1 2 3 4 5 6 7 8 9 12 13 16 17 18 20 21 22 23 24 25 26 27 28 29 30 31 32 33 34 35 38 39 41 42 43 44 47 48 49 52 53 56 57 58 60 62 63 65 66 67 68 69 70 72 73 74 76 77 80 81 82 83 84 85 86 87 88 89 90 91 11 36 37 55 64 75 93 94 97 98 99
0 1 2 3 4 5 6 7 9 10 11 12 13 16 17 18 20 21 22 23 24 25 26 27 28 29 30 31 32 34 41 42 43 44 46 47 48 49 51 52 53 54 59 61 62 63 65 67 68 69 70 73 74 75 76 77 80 81 82 84 85 86 87 88 89 90 96 8 19 35 37 38 39 56 57 60 66 72 78 83 94 98 99
0 1 2 4 5 6 7 8 9 10 11 16 17 18 19 20 21 22 23 24 25 26 27 29 30 31 32 33 34 35 37 38 39 40 42 43 44 46 47 48 49 51 52 53 55 57 58 60 61 62 63 64 65 66 67 68 69 72 73 74 75 76 77 80 81 82 83 84 85 86 87 88 89 90 91 93 94 96 97 12 28 36 41 50 54 59 70 79 95 99
0 1 2 3 4 5 6 7 8 9 12 13 15 16 17 18 20 21 22 23 24 25 27 29 30 31 32 33 34 35 36 37 39 41 42 43 44 45 46 47 48 49 50 51 52 53 57 60 62 63 65 66 67 68 69 70 72 73 75 77 78 80 81 82 83 84 86 87 88 89 90 93 96 97 98 10 26 28 38 64 71 74 76 79 85 94 95