100
48 48 47 49 46 46 46 52 52 44 53 43 43 43 43 57 42 58 58 40 59 59 38 38 38 38 38 38 65 37 66 36 36 68 35 35 70 34 34 72 72 72 31 73 73 73 73 27 27 75 75 25 76 76 23 77 77 77 20 20 79 19 80 18 81 81 81 81 81 13 13 13 13 85 12 86 11 87 87 9 9 9 90 8 8 92 7 7 7 95 6 96 96 96 3 3 98 98 1 99
1 3 7 8 10 15 17 18 20 21 28 30 33 36 39 40 41 43 44 45 46 49 50 52 53 55 56 57 60 62 64 65 66 67 68 73 75 77 78 82 85 89 91 92 93 96 97 99
0 3 7 8 10 15 17 18 20 21 28 30 33 36 39 40 41 43 44 45 46 49 50 52 53 55 56 57 60 62 64 65 66 67 68 73 75 77 78 82 85 89 91 92 93 96 97 99
3 7 8 10 15 17 18 20 21 28 30 33 36 39 40 41 43 44 45 46 49 50 52 53 55 56 57 60 62 64 65 66 67 68 73 75 77 78 82 85 89 91 92 93 96 97 99
0 1 2 7 8 10 15 17 18 20 21 28 30 33 36 39 40 41 43 44 45 46 49 50 52 53 55 56 57 60 62 64 65 66 67 68 73 75 77 78 82 85 89 91 92 93 96 97 99
7 8 10 15 17 18 20 21 28 30 33 36 39 40 41 43 44 45 46 49 50 52 53 55 56 57 60 62 64 65 66 67 68 73 75 77 78 82 85 89 91 92 93 96 97 99
7 8 10 15 17 18 20 21 28 30 33 36 39 40 41 43 44 45 46 49 50 52 53 55 56 57 60 62 64 65 66 67 68 73 75 77 78 82 85 89 91 92 93 96 97 99
7 8 10 15 17 18 20 21 28 30 33 36 39 40 41 43 44 45 46 49 50 52 53 55 56 57 60 62 64 65 66 67 68 73 75 77 78 82 85 89 91 92 93 96 97 99
0 1 2 3 4 5 6 8 10 15 17 18 20 21 28 30 33 36 39 40 41 43 44 45 46 49 50 52 53 55 56 57 60 62 64 65 66 67 68 73 75 77 78 82 85 89 91 92 93 96 97 99
0 1 2 3 4 5 6 7 10 15 17 18 20 21 28 30 33 36 39 40 41 43 44 45 46 49 50 52 53 55 56 57 60 62 64 65 66 67 68 73 75 77 78 82 85 89 91 92 93 96 97 99
10 15 17 18 20 21 28 30 33 36 39 40 41 43 44 45 46 49 50 52 53 55 56 57 60 62 64 65 66 67 68 73 75 77 78 82 85 89 91 92 93 96 97 99
0 1 2 3 4 5 6 7 8 9 15 17 18 20 21 28 30 33 36 39 40 41 43 44 45 46 49 50 52 53 55 56 57 60 62 64 65 66 67 68 73 75 77 78 82 85 89 91 92 93 96 97 99
15 17 18 20 21 28 30 33 36 39 40 41 43 44 45 46 49 50 52 53 55 56 57 60 62 64 65 66 67 68 73 75 77 78 82 85 89 91 92 93 96 97 99
15 17 18 20 21 28 30 33 36 39 40 41 43 44 45 46 49 50 52 53 55 56 57 60 62 64 65 66 67 68 73 75 77 78 82 85 89 91 92 93 96 97 99
15 17 18 20 21 28 30 33 36 39 40 41 43 44 45 46 49 50 52 53 55 56 57 60 62 64 65 66 67 68 73 75 77 78 82 85 89 91 92 93 96 97 99
15 17 18 20 21 28 30 33 36 39 40 41 43 44 45 46 49 50 52 53 55 56 57 60 62 64 65 66 67 68 73 75 77 78 82 85 89 91 92 93 96 97 99
0 1 2 3 4 5 6 7 8 9 10 11 12 13 14 17 18 20 21 28 30 33 36 39 40 41 43 44 45 46 49 50 52 53 55 56 57 60 62 64 65 66 67 68 73 75 77 78 82 85 89 91 92 93 96 97 99
17 18 20 21 28 30 33 36 39 40 41 43 44 45 46 49 50 52 53 55 56 57 60 62 64 65 66 67 68 73 75 77 78 82 85 89 91 92 93 96 97 99
0 1 2 3 4 5 6 7 8 9 10 11 12 13 14 15 16 18 20 21 28 30 33 36 39 40 41 43 44 45 46 49 50 52 53 55 56 57 60 62 64 65 66 67 68 73 75 77 78 82 85 89 91 92 93 96 97 99
0 1 2 3 4 5 6 7 8 9 10 11 12 13 14 15 16 17 20 21 28 30 33 36 39 40 41 43 44 45 46 49 50 52 53 55 56 57 60 62 64 65 66 67 68 73 75 77 78 82 85 89 91 92 93 96 97 99
20 21 28 30 33 36 39 40 41 43 44 45 46 49 50 52 53 55 56 57 60 62 64 65 66 67 68 73 75 77 78 82 85 89 91 92 93 96 97 99
0 1 2 3 4 5 6 7 8 9 10 11 12 13 14 15 16 17 18 19 21 28 30 33 36 39 40 41 43 44 45 46 49 50 52 53 55 56 57 60 62 64 65 66 67 68 73 75 77 78 82 85 89 91 92 93 96 97 99
0 1 2 3 4 5 6 7 8 9 10 11 12 13 14 15 16 17 18 19 20 28 30 33 36 39 40 41 43 44 45 46 49 50 52 53 55 56 57 60 62 64 65 66 67 68 73 75 77 78 82 85 89 91 92 93 96 97 99
28 30 33 36 39 40 41 43 44 45 46 49 50 52 53 55 56 57 60 62 64 65 66 67 68 73 75 77 78 82 85 89 91 92 93 96 97 99
28 30 33 36 39 40 41 43 44 45 46 49 50 52 53 55 56 57 60 62 64 65 66 67 68 73 75 77 78 82 85 89 91 92 93 96 97 99
28 30 33 36 39 40 41 43 44 45 46 49 50 52 53 55 56 57 60 62 64 65 66 67 68 73 75 77 78 82 85 89 91 92 93 96 97 99
28 30 33 36 39 40 41 43 44 45 46 49 50 52 53 55 56 57 60 62 64 65 66 67 68 73 75 77 78 82 85 89 91 92 93 96 97 99
28 30 33 36 39 40 41 43 44 45 46 49 50 52 53 55 56 57 60 62 64 65 66 67 68 73 75 77 78 82 85 89 91 92 93 96 97 99
28 30 33 36 39 40 41 43 44 45 46 49 50 52 53 55 56 57 60 62 64 65 66 67 68 73 75 77 78 82 85 89 91 92 93 96 97 99
0 1 2 3 4 5 6 7 8 9 10 11 12 13 14 15 16 17 18 19 20 21 22 23 24 25 26 27 30 33 36 39 40 41 43 44 45 46 49 50 52 53 55 56 57 60 62 64 65 66 67 68 73 75 77 78 82 85 89 91 92 93 96 97 99
30 33 36 39 40 41 43 44 45 46 49 50 52 53 55 56 57 60 62 64 65 66 67 68 73 75 77 78 82 85 89 91 92 93 96 97 99
0 1 2 3 4 5 6 7 8 9 10 11 12 13 14 15 16 17 18 19 20 21 22 23 24 25 26 27 28 29 33 36 39 40 41 43 44 45 46 49 50 52 53 55 56 57 60 62 64 65 66 67 68 73 75 77 78 82 85 89 91 92 93 96 97 99
33 36 39 40 41 43 44 45 46 49 50 52 53 55 56 57 60 62 64 65 66 67 68 73 75 77 78 82 85 89 91 92 93 96 97 99
33 36 39 40 41 43 44 45 46 49 50 52 53 55 56 57 60 62 64 65 66 67 68 73 75 77 78 82 85 89 91 92 93 96 97 99
0 1 2 3 4 5 6 7 8 9 10 11 12 13 14 15 16 17 18 19 20 21 22 23 24 25 26 27 28 29 30 31 32 36 39 40 41 43 44 45 46 49 50 52 53 55 56 57 60 62 64 65 66 67 68 73 75 77 78 82 85 89 91 92 93 96 97 99
36 39 40 41 43 44 45 46 49 50 52 53 55 56 57 60 62 64 65 66 67 68 73 75 77 78 82 85 89 91 92 93 96 97 99
36 39 40 41 43 44 45 46 49 50 52 53 55 56 57 60 62 64 65 66 67 68 73 75 77 78 82 85 89 91 92 93 96 97 99
0 1 2 3 4 5 6 7 8 9 10 11 12 13 14 15 16 17 18 19 20 21 22 23 24 25 26 27 28 29 30 31 32 33 34 35 39 40 41 43 44 45 46 49 50 52 53 55 56 57 60 62 64 65 66 67 68 73 75 77 78 82 85 89 91 92 93 96 97 99
39 40 41 43 44 45 46 49 50 52 53 55 56 57 60 62 64 65 66 67 68 73 75 77 78 82 85 89 91 92 93 96 97 99
39 40 41 43 44 45 46 49 50 52 53 55 56 57 60 62 64 65 66 67 68 73 75 77 78 82 85 89 91 92 93 96 97 99
0 1 2 3 4 5 6 7 8 9 10 11 12 13 14 15 16 17 18 19 20 21 22 23 24 25 26 27 28 29 30 31 32 33 34 35 36 37 38 40 41 43 44 45 46 49 50 52 53 55 56 57 60 62 64 65 66 67 68 73 75 77 78 82 85 89 91 92 93 96 97 99
0 1 2 3 4 5 6 7 8 9 10 11 12 13 14 15 16 17 18 19 20 21 22 23 24 25 26 27 28 29 30 31 32 33 34 35 36 37 38 39 41 43 44 45 46 49 50 52 53 55 56 57 60 62 64 65 66 67 68 73 75 77 78 82 85 89 91 92 93 96 97 99
0 1 2 3 4 5 6 7 8 9 10 11 12 13 14 15 16 17 18 19 20 21 22 23 24 25 26 27 28 29 30 31 32 33 34 35 36 37 38 39 40 43 44 45 46 49 50 52 53 55 56 57 60 62 64 65 66 67 68 73 75 77 78 82 85 89 91 92 93 96 97 99
43 44 45 46 49 50 52 53 55 56 57 60 62 64 65 66 67 68 73 75 77 78 82 85 89 91 92 93 96 97 99
0 1 2 3 4 5 6 7 8 9 10 11 12 13 14 15 16 17 18 19 20 21 22 23 24 25 26 27 28 29 30 31 32 33 34 35 36 37 38 39 40 41 42 44 45 46 49 50 52 53 55 56 57 60 62 64 65 66 67 68 73 75 77 78 82 85 89 91 92 93 96 97 99
0 1 2 3 4 5 6 7 8 9 10 11 12 13 14 15 16 17 18 19 20 21 22 23 24 25 26 27 28 29 30 31 32 33 34 35 36 37 38 39 40 41 42 43 45 46 49 50 52 53 55 56 57 60 62 64 65 66 67 68 73 75 77 78 82 85 89 91 92 93 96 97 99
0 1 2 3 4 5 6 7 8 9 10 11 12 13 14 15 16 17 18 19 20 21 22 23 24 25 26 27 28 29 30 31 32 33 34 35 36 37 38 39 40 41 42 43 44 46 49 50 52 53 55 56 57 60 62 64 65 66 67 68 73 75 77 78 82 85 89 91 92 93 96 97 99
0 1 2 3 4 5 6 7 8 9 10 11 12 13 14 15 16 17 18 19 20 21 22 23 24 25 26 27 28 29 30 31 32 33 34 35 36 37 38 39 40 41 42 43 44 45 49 50 52 53 55 56 57 60 62 64 65 66 67 68 73 75 77 78 82 85 89 91 92 93 96 97 99
49 50 52 53 55 56 57 60 62 64 65 66 67 68 73 75 77 78 82 85 89 91 92 93 96 97 99
49 50 52 53 55 56 57 60 62 64 65 66 67 68 73 75 77 78 82 85 89 91 92 93 96 97 99
0 1 2 3 4 5 6 7 8 9 10 11 12 13 14 15 16 17 18 19 20 21 22 23 24 25 26 27 28 29 30 31 32 33 34 35 36 37 38 39 40 41 42 43 44 45 46 47 48 50 52 53 55 56 57 60 62 64 65 66 67 68 73 75 77 78 82 85 89 91 92 93 96 97 99
0 1 2 3 4 5 6 7 8 9 10 11 12 13 14 15 16 17 18 19 20 21 22 23 24 25 26 27 28 29 30 31 32 33 34 35 36 37 38 39 40 41 42 43 44 45 46 47 48 49 52 53 55 56 57 60 62 64 65 66 67 68 73 75 77 78 82 85 89 91 92 93 96 97 99
52 53 55 56 57 60 62 64 65 66 67 68 73 75 77 78 82 85 89 91 92 93 96 97 99
0 1 2 3 4 5 6 7 8 9 10 11 12 13 14 15 16 17 18 19 20 21 22 23 24 25 26 27 28 29 30 31 32 33 34 35 36 37 38 39 40 41 42 43 44 45 46 47 48 49 50 51 53 55 56 57 60 62 64 65 66 67 68 73 75 77 78 82 85 89 91 92 93 96 97 99
0 1 2 3 4 5 6 7 8 9 10 11 12 13 14 15 16 17 18 19 20 21 22 23 24 25 26 27 28 29 30 31 32 33 34 35 36 37 38 39 40 41 42 43 44 45 46 47 48 49 50 51 52 55 56 57 60 62 64 65 66 67 68 73 75 77 78 82 85 89 91 92 93 96 97 99
55 56 57 60 62 64 65 66 67 68 73 75 77 78 82 85 89 91 92 93 96 97 99
0 1 2 3 4 5 6 7 8 9 10 11 12 13 14 15 16 17 18 19 20 21 22 23 24 25 26 27 28 29 30 31 32 33 34 35 36 37 38 39 40 41 42 43 44 45 46 47 48 49 50 51 52 53 54 56 57 60 62 64 65 66 67 68 73 75 77 78 82 85 89 91 92 93 96 97 99
0 1 2 3 4 5 6 7 8 9 10 11 12 13 14 15 16 17 18 19 20 21 22 23 24 25 26 27 28 29 30 31 32 33 34 35 36 37 38 39 40 41 42 43 44 45 46 47 48 49 50 51 52 53 54 55 57 60 62 64 65 66 67 68 73 75 77 78 82 85 89 91 92 93 96 97 99
0 1 2 3 4 5 6 7 8 9 10 11 12 13 14 15 16 17 18 19 20 21 22 23 24 25 26 27 28 29 30 31 32 33 34 35 36 37 38 39 40 41 42 43 44 45 46 47 48 49 50 51 52 53 54 55 56 60 62 64 65 66 67 68 73 75 77 78 82 85 89 91 92 93 96 97 99
60 62 64 65 66 67 68 73 75 77 78 82 85 89 91 92 93 96 97 99
60 62 64 65 66 67 68 73 75 77 78 82 85 89 91 92 93 96 97 99
0 1 2 3 4 5 6 7 8 9 10 11 12 13 14 15 16 17 18 19 20 21 22 23 24 25 26 27 28 29 30 31 32 33 34 35 36 37 38 39 40 41 42 43 44 45 46 47 48 49 50 51 52 53 54 55 56 57 58 59 62 64 65 66 67 68 73 75 77 78 82 85 89 91 92 93 96 97 99
62 64 65 66 67 68 73 75 77 78 82 85 89 91 92 93 96 97 99
0 1 2 3 4 5 6 7 8 9 10 11 12 13 14 15 16 17 18 19 20 21 22 23 24 25 26 27 28 29 30 31 32 33 34 35 36 37 38 39 40 41 42 43 44 45 46 47 48 49 50 51 52 53 54 55 56 57 58 59 60 61 64 65 66 67 68 73 75 77 78 82 85 89 91 92 93 96 97 99
64 65 66 67 68 73 75 77 78 82 85 89 91 92 93 96 97 99
0 1 2 3 4 5 6 7 8 9 10 11 12 13 14 15 16 17 18 19 20 21 22 23 24 25 26 27 28 29 30 31 32 33 34 35 36 37 38 39 40 41 42 43 44 45 46 47 48 49 50 51 52 53 54 55 56 57 58 59 60 61 62 63 65 66 67 68 73 75 77 78 82 85 89 91 92 93 96 97 99
0 1 2 3 4 5 6 7 8 9 10 11 12 13 14 15 16 17 18 19 20 21 22 23 24 25 26 27 28 29 30 31 32 33 34 35 36 37 38 39 40 41 42 43 44 45 46 47 48 49 50 51 52 53 54 55 56 57 58 59 60 61 62 63 64 66 67 68 73 75 77 78 82 85 89 91 92 93 96 97 99
0 1 2 3 4 5 6 7 8 9 10 11 12 13 14 15 16 17 18 19 20 21 22 23 24 25 26 27 28 29 30 31 32 33 34 35 36 37 38 39 40 41 42 43 44 45 46 47 48 49 50 51 52 53 54 55 56 57 58 59 60 61 62 63 64 65 67 68 73 75 77 78 82 85 89 91 92 93 96 97 99
0 1 2 3 4 5 6 7 8 9 10 11 12 13 14 15 16 17 18 19 20 21 22 23 24 25 26 27 28 29 30 31 32 33 34 35 36 37 38 39 40 41 42 43 44 45 46 47 48 49 50 51 52 53 54 55 56 57 58 59 60 61 62 63 64 65 66 68 73 75 77 78 82 85 89 91 92 93 96 97 99
0 1 2 3 4 5 6 7 8 9 10 11 12 13 14 15 16 17 18 19 20 21 22 23 24 25 26 27 28 29 30 31 32 33 34 35 36 37 38 39 40 41 42 43 44 45 46 47 48 49 50 51 52 53 54 55 56 57 58 59 60 61 62 63 64 65 66 67 73 75 77 78 82 85 89 91 92 93 96 97 99
73 75 77 78 82 85 89 91 92 93 96 97 99
73 75 77 78 82 85 89 91 92 93 96 97 99
73 75 77 78 82 85 89 91 92 93 96 97 99
73 75 77 78 82 85 89 91 92 93 96 97 99
0 1 2 3 4 5 6 7 8 9 10 11 12 13 14 15 16 17 18 19 20 21 22 23 24 25 26 27 28 29 30 31 32 33 34 35 36 37 38 39 40 41 42 43 44 45 46 47 48 49 50 51 52 53 54 55 56 57 58 59 60 61 62 63 64 65 66 67 68 69 70 71 72 75 77 78 82 85 89 91 92 93 96 97 99
75 77 78 82 85 89 91 92 93 96 97 99
0 1 2 3 4 5 6 7 8 9 10 11 12 13 14 15 16 17 18 19 20 21 22 23 24 25 26 27 28 29 30 31 32 33 34 35 36 37 38 39 40 41 42 43 44 45 46 47 48 49 50 51 52 53 54 55 56 57 58 59 60 61 62 63 64 65 66 67 68 69 70 71 72 73 74 77 78 82 85 89 91 92 93 96 97 99
77 78 82 85 89 91 92 93 96 97 99
0 1 2 3 4 5 6 7 8 9 10 11 12 13 14 15 16 17 18 19 20 21 22 23 24 25 26 27 28 29 30 31 32 33 34 35 36 37 38 39 40 41 42 43 44 45 46 47 48 49 50 51 52 53 54 55 56 57 58 59 60 61 62 63 64 65 66 67 68 69 70 71 72 73 74 75 76 78 82 85 89 91 92 93 96 97 99
0 1 2 3 4 5 6 7 8 9 10 11 12 13 14 15 16 17 18 19 20 21 22 23 24 25 26 27 28 29 30 31 32 33 34 35 36 37 38 39 40 41 42 43 44 45 46 47 48 49 50 51 52 53 54 55 56 57 58 59 60 61 62 63 64 65 66 67 68 69 70 71 72 73 74 75 76 77 82 85 89 91 92 93 96 97 99
82 85 89 91 92 93 96 97 99
82 85 89 91 92 93 96 97 99
82 85 89 91 92 93 96 97 99
0 1 2 3 4 5 6 7 8 9 10 11 12 13 14 15 16 17 18 19 20 21 22 23 24 25 26 27 28 29 30 31 32 33 34 35 36 37 38 39 40 41 42 43 44 45 46 47 48 49 50 51 52 53 54 55 56 57 58 59 60 61 62 63 64 65 66 67 68 69 70 71 72 73 74 75 76 77 78 79 80 81 85 89 91 92 93 96 97 99
85 89 91 92 93 96 97 99
85 89 91 92 93 96 97 99
0 1 2 3 4 5 6 7 8 9 10 11 12 13 14 15 16 17 18 19 20 21 22 23 24 25 26 27 28 29 30 31 32 33 34 35 36 37 38 39 40 41 42 43 44 45 46 47 48 49 50 51 52 53 54 55 56 57 58 59 60 61 62 63 64 65 66 67 68 69 70 71 72 73 74 75 76 77 78 79 80 81 82 83 84 89 91 92 93 96 97 99
89 91 92 93 96 97 99
89 91 92 93 96 97 99
89 91 92 93 96 97 99
0 1 2 3 4 5 6 7 8 9 10 11 12 13 14 15 16 17 18 19 20 21 22 23 24 25 26 27 28 29 30 31 32 33 34 35 36 37 38 39 40 41 42 43 44 45 46 47 48 49 50 51 52 53 54 55 56 57 58 59 60 61 62 63 64 65 66 67 68 69 70 71 72 73 74 75 76 77 78 79 80 81 82 83 84 85 86 87 88 91 92 93 96 97 99
91 92 93 96 97 99
0 1 2 3 4 5 6 7 8 9 10 11 12 13 14 15 16 17 18 19 20 21 22 23 24 25 26 27 28 29 30 31 32 33 34 35 36 37 38 39 40 41 42 43 44 45 46 47 48 49 50 51 52 53 54 55 56 57 58 59 60 61 62 63 64 65 66 67 68 69 70 71 72 73 74 75 76 77 78 79 80 81 82 83 84 85 86 87 88 89 90 92 93 96 97 99
0 1 2 3 4 5 6 7 8 9 10 11 12 13 14 15 16 17 18 19 20 21 22 23 24 25 26 27 28 29 30 31 32 33 34 35 36 37 38 39 40 41 42 43 44 45 46 47 48 49 50 51 52 53 54 55 56 57 58 59 60 61 62 63 64 65 66 67 68 69 70 71 72 73 74 75 76 77 78 79 80 81 82 83 84 85 86 87 88 89 90 91 93 96 97 99
0 1 2 3 4 5 6 7 8 9 10 11 12 13 14 15 16 17 18 19 20 21 22 23 24 25 26 27 28 29 30 31 32 33 34 35 36 37 38 39 40 41 42 43 44 45 46 47 48 49 50 51 52 53 54 55 56 57 58 59 60 61 62 63 64 65 66 67 68 69 70 71 72 73 74 75 76 77 78 79 80 81 82 83 84 85 86 87 88 89 90 91 92 96 97 99
96 97 99
96 97 99
0 1 2 3 4 5 6 7 8 9 10 11 12 13 14 15 16 17 18 19 20 21 22 23 24 25 26 27 28 29 30 31 32 33 34 35 36 37 38 39 40 41 42 43 44 45 46 47 48 49 50 51 52 53 54 55 56 57 58 59 60 61 62 63 64 65 66 67 68 69 70 71 72 73 74 75 76 77 78 79 80 81 82 83 84 85 86 87 88 89 90 91 92 93 94 95 97 99
0 1 2 3 4 5 6 7 8 9 10 11 12 13 14 15 16 17 18 19 20 21 22 23 24 25 26 27 28 29 30 31 32 33 34 35 36 37 38 39 40 41 42 43 44 45 46 47 48 49 50 51 52 53 54 55 56 57 58 59 60 61 62 63 64 65 66 67 68 69 70 71 72 73 74 75 76 77 78 79 80 81 82 83 84 85 86 87 88 89 90 91 92 93 94 95 96 99
99
0 1 2 3 4 5 6 7 8 9 10 11 12 13 14 15 16 17 18 19 20 21 22 23 24 25 26 27 28 29 30 31 32 33 34 35 36 37 38 39 40 41 42 43 44 45 46 47 48 49 50 51 52 53 54 55 56 57 58 59 60 61 62 63 64 65 66 67 68 69 70 71 72 73 74 75 76 77 78 79 80 81 82 83 84 85 86 87 88 89 90 91 92 93 94 95 96 97 98